# Configuration of 2d Ising model on square lattice. Parameters (N=Lx*Ly) and s[N]
Lx= 10 Ly= 10 beta= 0.44 seed= 98426
-1
-1
-1
-1
-1
-1
-1
-1
-1
-1
-1
-1
-1
-1
-1
-1
-1
-1
-1
-1
-1
-1
1
1
1
-1
-1
-1
-1
-1
-1
-1
-1
-1
1
-1
-1
-1
-1
1
1
-1
-1
-1
-1
-1
-1
-1
-1
1
1
-1
-1
-1
-1
-1
-1
-1
-1
1
-1
-1
-1
-1
-1
-1
-1
-1
-1
-1
-1
-1
-1
-1
-1
-1
-1
-1
-1
-1
-1
-1
-1
-1
-1
-1
-1
-1
-1
-1
-1
-1
-1
-1
-1
-1
-1
1
-1
-1
240 280123782174456902 943412989132651319 498141170123340004 1557544681836457703 848547768755609243 1021362149946153990 1886202912461781747 1577009270591191318 1665286321741581080 1147721717291813626 757540716190947567 1863041668565093416 2003307952519402152 916755434494077933 653928402756748188 2029098065189122397 357753954679484822 1360666274765697621 2186844646422550848 330380338206237075 1821951274726789162 927006035520013544 1994174978629102683 792750798806384375 782342461993329032 886375252699057416 1968150006122223207 1467402270873899337 214495178137721741 981592912939664187 1170406476401053547 1422791140060154915 2265522399643476708 1994219799768758263 296891186931275926 1584015177379780548 1584644655602597524 1675142970869844469 2219265676668551072 286832745429360501 762332688192878594 762025177210302865 186876462179228771 714629512652744012 1795022513401594094 467111552495461887 269631929698597368 2055913515165019084 149082968567199049 1069957650837310038 1278209901679386004 335845305374294442 1158606608939395919 2026234996613683143 775384339249843191 1398119747337505337 676070179751842281 773180725210149902 440603384917309094 1442093910205468964 458570056947919403 599789840971136481 1891034449103089495 599262308062463876 1603330034170654852 192588319741958158 568356410016694521 93516418364391311 1147300736524878012 2015212389244128429 1470688809290861208 872362596017807080 1339045710393886658 1193846765628651677 822039777219508125 2130221958002741340 230813040811366007 958867702743814860 138718118061825391 1142597486742956860 1066383682793672977 694137024845459689 237459467235110538 706384924884580507 996018493040365183 2292025513640477440 854772602102601081 2072875507898723998 130962734157131662 1312621180323633697 2221144915767270509 1637988784032732935 956204075941023854 1210145788075964205 820169202408182202 669922226811241333 677635565405632786 1617059655208003335 1816612362235965388 1145806047997080508 1715548140440323150 1704465078068751466 439280730497233693 2024009631694529216 1296816366960787337 1214363299034958916 507021732004035180 1807146183973423572 1826086384154282336 244725744394771274 1895956384694940214 373208333961113486 632431487915530204 1644738559082769432 1126182343588449886 213464711689984733 1539615903152471546 1408962086651392689 1349771058353152426 1311346316488046839 351585360984966919 717118277992049446 1723947705454508834 1509141753903003830 319640801242539483 1338458827564105892 1629387511882071257 544602924826325946 1628512815261421809 938423189883499411 769819472803611431 1830705050059450323 780645148798866513 914865208730455967 2240934373251491156 867499211320596468 1877805283059812959 1080699259260740784 2209163562406762378 485526205420581696 247610834879115101 786051096680834302 1530895594869764978 2131781746862044070 1559087989564352529 1991680851750430283 2227943446202157716 2163491165565718210 1521743764723657814 2082742961141056474 959185669247967129 1795760004088223896 1825648322817935613 1433359450349032014 1726350056316297606 520813337516818452 1137003854393261183 792443115182324683 2245800302521895441 63744568924091750 1124992010662756805 1798106323842601145 387877173300741818 788510963185914217 350896958260946356 544887530215978328 606156961587624450 486959831074769283 1487311659888664638 210603833813125435 766879572980670802 775612858369475065 1482743597247658860 487962025838773870 2002231281845988683 1120990333815803759 531215478581946404 1717766634138733142 224745258227213737 1059426282773262659 2212840248658288700 409258855906839508 1815940700717140816 826378587125615971 2024270742437355409 145057608517873659 300418019057157662 1542116921469923613 2042254213649172551 1755906142530784248 610426545629037562 1611645224371399672 1115767131120996084 1561258474893424489 1392531002165024850 456019505772316233 331274630244122581 841980186033188875 669417739172074314 1694369550066498674 1554702983948718757 2261459507572584690 1401921866678686757 1391747272940788578 1066018144887261608 1723523221558477986 1599096492790225755 1335844912896747386 1115934302315619668 1038535788363010964 1022975140141479233 958217184837782257 1329345283025706081 1834777829663041109 846393898906334619 1493934955093107732 1229610347474863011 1732236394936856811 1789559603797748882 877707799018566526 1062555928022829626 1249245270267497337 1524150346333962269 1811764268322030698 1774683292715346803 1817366150944360089 2269565286718221376 2239689320280985861 9067367646208482 1636532564134445686 1066096005837599439 260631783348844855 1891503354122872563 508855651507120067 571306062253046867 657881221299855537 154446418309363706 382315066319801719 35364681108679414 307494458214915703 227 1586734846200235373
