# ###################################################################
#      2d Ising Model with Metropolis algorithm on square lattice    
# Run on NOTSET ( NOTSET ) by Karnavr on Thu Mar  3 17:31:05 2022
# L       = 10 (Lattice linear dimension, N=L*L)           
# seed    = 5342 (random number gener. seed)                 
# nsweeps = 10000 (No. of sweeps)                             
# beta    = 0.44                                             
# start   = 1 (0 cold, 1 hot, 2 old config)
-80 -28
-92 -38
-116 -52
-112 -60
-136 -68
-128 -70
-120 -74
-140 -80
-144 -80
-136 -70
-144 -78
-124 -76
-144 -72
-152 -76
-148 -74
-168 -86
-140 -72
-120 -60
-132 -78
-152 -86
-172 -90
-188 -96
-164 -88
-164 -90
-136 -80
-200 -100
-168 -92
-184 -96
-164 -90
-180 -94
-160 -88
-152 -84
-160 -84
-156 -86
-156 -86
-160 -86
-140 -76
-144 -78
-176 -88
-180 -94
-192 -98
-180 -94
-192 -98
-184 -96
-184 -96
-160 -86
-172 -92
-168 -90
-148 -84
-164 -90
-144 -84
-160 -86
-156 -88
-176 -94
-180 -94
-172 -92
-176 -92
-156 -86
-132 -68
-116 -66
-136 -74
-120 -66
-108 -60
-124 -64
-116 -74
-128 -76
-132 -74
-140 -80
-120 -68
-140 -80
-152 -82
-160 -86
-132 -74
-160 -82
-160 -88
-176 -90
-144 -80
-168 -92
-164 -90
-160 -86
-136 -70
-140 -70
-132 -78
-132 -74
-136 -74
-156 -88
-164 -88
-136 -76
-160 -86
-144 -80
-128 -70
-140 -78
-164 -88
-160 -88
-156 -84
-156 -84
-156 -86
-168 -92
-160 -88
-168 -90
-172 -90
-168 -86
-160 -82
-140 -76
-136 -76
-144 -80
-144 -82
-124 -68
-152 -84
-184 -94
-180 -94
-164 -90
-160 -86
-144 -84
-160 -84
-148 -86
-140 -74
-152 -78
-140 -70
-132 -68
-116 -52
-148 -54
-124 -54
-116 -40
-112 -26
-112 -22
-112 -34
-112 -50
-104 -36
-104 -50
-124 -42
-128 -44
-152 -58
-128 -56
-116 -56
-120 -70
-120 -66
-124 -62
-152 -84
-160 -88
-164 -86
-156 -86
-152 -86
-152 -84
-144 -80
-152 -82
-184 -96
-152 -86
-192 -98
-184 -96
-120 -76
-152 -86
-148 -86
-168 -92
-144 -78
-144 -82
-152 -80
-132 -80
-144 -80
-176 -94
-168 -92
-176 -94
-148 -78
-120 -60
-108 -56
-92 -52
-88 -58
-144 -76
-156 -84
-176 -94
-188 -96
-180 -94
-156 -86
-156 -88
-148 -86
-136 -82
-152 -86
-148 -84
-132 -72
-128 -74
-100 -48
-104 -42
-116 -52
-128 -68
-128 -58
-132 -68
-128 -72
-148 -76
-112 -64
-140 -66
-132 -64
-144 -68
-144 -74
-124 -66
-108 -64
-128 -62
-140 -78
-156 -80
-124 -66
-128 -72
-140 -78
-156 -88
-164 -80
-152 -78
-156 -76
-132 -72
-104 -60
-112 -62
-132 -68
-128 -76
-136 -74
-120 -74
-144 -72
-124 -62
-116 -58
-112 -68
-112 -68
-120 -74
-124 -66
-100 -48
-112 -62
-120 -66
-112 -70
-132 -76
-152 -78
-164 -84
-144 -70
-144 -68
-152 -78
-152 -80
-152 -72
-148 -70
-144 -60
-136 -72
-144 -70
-144 -70
-136 -50
-136 -54
-120 -60
-124 -60
-128 -60
-140 -70
-140 -74
-144 -78
-156 -88
-144 -82
-136 -64
-120 -60
-108 -58
-100 -32
-92 -20
-96 -22
-112 -14
-124 -12
-100 -6
-100 14
-88 18
-80 20
-84 20
-104 16
-96 20
-92 18
-64 20
-88 24
-80 36
-84 36
-92 28
-112 20
-100 6
-80 -22
-88 -22
-104 -24
-96 -10
-88 -20
-100 -22
-92 -30
-108 -46
-124 -60
-140 -74
-124 -74
-152 -80
-120 -68
-112 -66
-124 -72
-128 -74
-132 -72
-132 -74
-144 -68
-148 -78
-132 -70
-128 -74
-128 -76
-96 -64
-160 -84
-168 -88
-164 -90
-152 -86
-140 -78
-152 -80
-148 -80
-124 -72
-128 -76
-148 -84
-164 -88
-144 -78
-136 -78
-148 -80
-152 -86
-168 -92
-176 -94
-172 -92
-168 -92
-156 -86
-172 -92
-152 -88
-168 -92
-184 -96
-168 -92
-128 -66
-136 -68
-132 -74
-160 -88
-184 -96
-160 -90
-144 -84
-164 -84
-160 -84
-152 -80
-148 -76
-140 -74
-156 -88
-116 -68
-132 -68
-168 -84
-168 -90
-176 -94
-184 -96
-176 -94
-188 -96
-192 -98
-188 -96
-200 -100
-184 -96
-172 -92
-180 -94
-176 -94
-180 -94
-176 -92
-192 -98
-168 -90
-180 -94
-176 -94
-176 -94
-168 -90
-168 -90
-164 -88
-168 -88
-148 -84
-120 -72
-120 -62
-132 -60
-136 -72
-128 -72
-108 -66
-128 -78
-152 -84
-176 -94
-140 -82
-136 -76
-108 -52
-128 -66
-128 -58
-128 -60
-128 -68
-108 -60
-120 -52
-112 -46
-120 -48
-136 -66
-144 -68
-140 -68
-108 -52
-84 -56
-80 -54
-100 -54
-108 -42
-108 -28
-124 -32
-120 -40
-140 -56
-136 -62
-144 -58
-120 -66
-128 -72
-120 -68
-156 -84
-152 -84
-160 -86
-164 -88
-172 -92
-164 -88
-176 -94
-176 -92
-184 -96
-168 -92
-184 -96
-176 -94
-192 -98
-180 -94
-148 -82
-152 -84
-160 -90
-168 -92
-160 -88
-176 -94
-144 -82
-140 -76
-144 -80
-128 -78
-132 -72
-144 -80
-128 -76
-116 -70
-104 -56
-108 -62
-132 -70
-148 -68
-136 -74
-148 -76
-136 -58
-124 -52
-96 -56
-116 -60
-112 -68
-104 -42
-108 -50
-112 -54
-124 -52
-144 -56
-132 -50
-132 -64
-140 -74
-124 -72
-120 -70
-152 -84
-160 -88
-184 -96
-184 -94
-192 -98
-176 -94
-168 -92
-176 -94
-152 -86
-156 -86
-176 -92
-160 -86
-184 -96
-184 -96
-176 -94
-156 -86
-136 -80
-156 -84
-160 -88
-176 -94
-176 -92
-164 -88
-152 -86
-152 -86
-168 -92
-156 -86
-136 -76
-132 -70
-116 -62
-120 -68
-140 -78
-160 -86
-144 -78
-128 -68
-160 -88
-176 -94
-192 -98
-164 -88
-144 -84
-168 -90
-176 -94
-184 -96
-136 -74
-112 -66
-112 -50
-104 -48
-120 -52
-104 -24
-100 -26
-124 -36
-128 -46
-144 -50
-128 -50
-132 -60
-144 -66
-112 -54
-92 -50
-116 -48
-144 -74
-128 -64
-120 -58
-96 -52
-120 -54
-116 -62
-132 -72
-152 -76
-156 -76
-156 -88
-148 -84
-164 -90
-164 -90
-156 -84
-180 -94
-168 -92
-160 -88
-136 -82
-152 -84
-160 -86
-156 -86
-172 -90
-164 -88
-144 -74
-136 -76
-128 -78
-116 -68
-120 -66
-136 -78
-128 -76
-112 -62
-116 -58
-120 -60
-148 -76
-132 -72
-108 -62
-112 -44
-120 -42
-96 -26
-116 -14
-120 -12
-92 -16
-96 -10
-76 -8
-96 10
-104 10
-96 22
-92 30
-100 12
-100 10
-108 -2
-112 -4
-124 4
-108 12
-124 12
-108 -2
-116 24
-104 34
-100 24
-120 36
-132 36
-132 30
-108 26
-108 26
-124 52
-104 44
-92 40
-108 48
-124 60
-116 50
-108 56
-120 56
-128 74
-140 80
-148 76
-120 60
-120 60
-156 82
-124 64
-120 52
-104 54
-112 52
-132 68
-128 62
-128 68
-140 78
-152 84
-124 72
-140 72
-128 74
-148 84
-152 80
-172 92
-168 90
-132 80
-148 80
-140 80
-144 74
-116 70
-144 84
-148 82
-124 70
-144 74
-164 86
-192 98
-192 98
-168 92
-160 88
-152 82
-156 84
-160 90
-152 86
-132 78
-136 76
-152 84
-160 90
-152 84
-140 78
-140 76
-152 80
-124 74
-156 86
-156 84
-144 78
-148 84
-168 88
-172 92
-160 88
-132 74
-156 80
-168 86
-132 72
-132 70
-124 62
-120 42
-96 42
-108 52
-116 60
-120 64
-128 76
-120 74
-120 68
-140 78
-144 82
-120 72
-124 76
-112 72
-144 86
-152 86
-144 84
-160 88
-164 88
-172 92
-160 90
-164 90
-172 92
-172 90
-164 86
-156 82
-144 68
-120 64
-116 60
-116 62
-120 70
-128 62
-92 58
-108 70
-144 82
-148 80
-152 84
-164 84
-132 74
-128 62
-140 64
-128 70
-132 72
-144 76
-156 86
-128 76
-152 84
-148 84
-148 84
-136 78
-152 84
-152 80
-144 82
-172 92
-124 72
-140 82
-140 80
-160 82
-172 90
-160 82
-140 80
-164 88
-176 92
-176 94
-176 92
-184 94
-168 88
-136 72
-152 70
-132 62
-136 62
-116 60
-116 50
-124 66
-144 78
-144 78
-156 84
-148 84
-164 88
-144 84
-176 94
-160 88
-184 94
-144 80
-124 70
-136 76
-156 82
-164 86
-152 82
-184 96
-184 94
-164 90
-168 92
-172 90
-136 78
-168 92
-168 88
-156 82
-160 86
-160 90
-132 78
-156 86
-164 88
-164 88
-164 90
-148 86
-164 90
-176 94
-120 76
-156 84
-132 72
-128 72
-132 80
-148 84
-156 86
-148 84
-148 82
-140 80
-144 82
-156 82
-152 82
-160 86
-152 86
-144 80
-156 80
-160 82
-152 80
-136 80
-140 76
-144 74
-108 62
-80 38
-100 44
-96 48
-92 36
-96 38
-116 40
-92 38
-124 56
-144 60
-132 50
-132 44
-148 64
-140 78
-124 68
-128 66
-120 64
-124 70
-124 68
-124 62
-136 72
-156 78
-132 68
-140 82
-124 74
-124 74
-144 80
-140 80
-152 78
-132 76
-100 64
-92 56
-112 60
-80 50
-128 78
-156 84
-164 88
-192 98
-160 90
-164 88
-164 82
-160 84
-164 90
-180 94
-148 80
-160 86
-168 90
-164 90
-164 88
-140 82
-104 60
-120 70
-124 64
-136 72
-104 66
-140 70
-128 66
-132 76
-144 84
-176 94
-176 94
-156 88
-160 88
-148 86
-172 88
-180 90
-176 90
-168 86
-164 86
-144 78
-160 86
-152 78
-132 68
-140 72
-152 82
-156 86
-140 78
-176 92
-168 90
-172 92
-160 88
-144 78
-104 54
-112 62
-112 60
-128 74
-120 76
-124 76
-148 84
-136 78
-160 86
-172 90
-192 98
-164 86
-156 82
-160 86
-164 90
-164 88
-184 96
-184 96
-160 88
-176 94
-176 92
-176 92
-168 88
-176 94
-168 92
-168 92
-160 82
-164 84
-180 88
-160 84
-172 88
-164 90
-132 80
-160 80
-132 74
-144 78
-124 74
-116 70
-96 40
-112 50
-128 60
-140 68
-128 74
-168 86
-136 74
-140 68
-148 72
-96 54
-92 46
-124 74
-136 80
-160 88
-180 94
-180 94
-176 92
-176 94
-168 90
-184 96
-168 90
-168 90
-164 88
-200 100
-164 90
-164 88
-156 88
-180 94
-164 90
-180 94
-184 96
-160 90
-136 82
-148 86
-148 82
-172 88
-176 92
-160 86
-168 90
-140 80
-164 88
-136 82
-144 84
-120 66
-152 86
-120 64
-120 58
-124 70
-144 72
-136 66
-140 76
-140 82
-152 84
-164 88
-160 88
-152 82
-176 92
-172 92
-192 98
-180 94
-184 96
-184 96
-164 90
-176 94
-172 92
-176 92
-168 92
-192 98
-180 94
-168 92
-160 88
-164 90
-152 82
-164 90
-172 90
-200 100
-192 98
-200 100
-172 92
-184 96
-176 90
-180 94
-168 90
-176 94
-188 96
-184 94
-180 92
-164 86
-176 94
-164 90
-180 94
-176 94
-176 94
-152 86
-200 100
-184 96
-172 92
-180 94
-176 94
-176 94
-176 94
-176 94
-184 96
-152 88
-176 94
-168 92
-184 96
-176 94
-160 88
-160 90
-156 88
-148 86
-168 90
-160 90
-152 86
-168 90
-156 88
-176 94
-184 96
-152 86
-156 84
-136 78
-156 80
-152 78
-152 80
-136 72
-152 86
-152 84
-148 86
-140 82
-144 78
-152 86
-164 88
-144 84
-136 80
-164 90
-172 92
-184 96
-168 90
-156 86
-144 80
-148 76
-160 80
-160 84
-140 80
-140 80
-136 78
-160 86
-152 84
-172 92
-144 84
-140 76
-156 86
-156 84
-156 86
-184 96
-176 92
-192 98
-184 94
-160 90
-168 90
-160 88
-164 90
-184 96
-172 92
-156 86
-176 94
-172 92
-180 94
-168 90
-176 94
-200 100
-192 98
-200 100
-192 98
-156 86
-140 84
-168 92
-152 84
-172 88
-180 94
-168 90
-156 80
-140 66
-148 72
-144 76
-128 68
-164 88
-164 90
-156 88
-140 78
-136 80
-160 88
-140 82
-140 76
-152 78
-128 64
-104 44
-84 20
-100 30
-108 26
-104 30
-116 28
-116 32
-112 28
-116 30
-88 14
-88 4
-104 -4
-104 -12
-112 0
-100 -8
-108 -16
-76 0
-92 14
-108 12
-108 28
-124 40
-116 38
-112 40
-104 38
-96 12
-96 6
-92 6
-96 8
-112 18
-124 -4
-108 -4
-92 -2
-96 2
-104 22
-104 12
-96 -20
-108 -24
-84 -10
-92 -6
-112 -18
-124 -24
-116 -18
-80 -6
-112 -20
-92 8
-116 30
-132 20
-132 34
-108 58
-120 72
-148 82
-112 62
-108 54
-96 42
-96 48
-112 54
-116 48
-112 56
-136 74
-140 76
-132 70
-120 66
-132 70
-132 72
-140 80
-144 78
-152 76
-140 80
-156 86
-164 90
-148 86
-152 84
-160 86
-128 74
-152 82
-176 94
-168 90
-168 90
-172 92
-176 94
-152 82
-136 72
-136 76
-136 76
-164 84
-152 84
-132 78
-168 92
-148 80
-144 82
-176 94
-172 92
-132 80
-152 82
-156 84
-184 96
-192 98
-184 96
-176 94
-172 92
-184 96
-176 92
-180 90
-176 90
-180 94
-160 88
-176 94
-192 98
-192 98
-168 90
-184 96
-180 94
-152 82
-180 94
-164 90
-184 96
-180 94
-168 92
-172 92
-176 92
-160 86
-140 76
-160 84
-164 86
-132 76
-156 82
-144 72
-148 84
-160 86
-140 82
-160 82
-148 72
-120 36
-96 12
-104 28
-112 38
-92 44
-80 14
-100 24
-112 36
-120 36
-112 50
-120 74
-144 78
-148 84
-168 90
-168 92
-168 90
-168 92
-160 90
-164 88
-176 92
-172 92
-192 98
-172 92
-200 100
-176 92
-184 96
-200 100
-200 100
-192 98
-180 94
-180 94
-152 84
-140 82
-152 84
-172 92
-144 78
-128 74
-156 82
-156 86
-152 80
-172 88
-152 80
-148 84
-128 72
-120 62
-112 62
-124 68
-140 80
-156 82
-160 84
-168 88
-132 76
-128 68
-96 58
-88 58
-120 70
-152 86
-164 82
-160 78
-164 78
-156 80
-156 86
-164 86
-164 84
-164 88
-168 92
-160 84
-144 78
-172 92
-188 96
-132 78
-152 82
-140 78
-124 64
-148 80
-124 70
-156 86
-164 90
-184 96
-156 88
-156 86
-160 88
-176 92
-160 90
-156 82
-176 86
-180 94
-140 82
-160 86
-156 84
-156 84
-132 82
-144 80
-164 88
-176 92
-168 90
-140 78
-164 88
-152 86
-136 76
-132 78
-144 82
-180 94
-180 94
-188 96
-200 100
-200 100
-172 92
-184 96
-168 90
-152 86
-152 82
-172 90
-168 86
-164 86
-152 82
-184 96
-184 96
-184 96
-164 88
-140 82
-136 70
-132 68
-132 66
-80 54
-100 58
-136 72
-124 66
-152 76
-140 70
-152 84
-140 66
-148 68
-152 70
-136 74
-140 78
-156 82
-140 74
-148 70
-136 70
-156 80
-152 68
-144 72
-140 74
-124 54
-120 52
-108 52
-108 58
-124 72
-136 80
-108 54
-144 44
-132 48
-120 46
-136 54
-108 44
-120 48
-60 28
-68 10
-76 6
-84 4
-76 -10
-104 -32
-84 -32
-92 -40
-128 -44
-120 -54
-124 -60
-96 -52
-132 -64
-100 -48
-144 -56
-148 -68
-144 -64
-124 -72
-132 -74
-144 -76
-144 -74
-144 -70
-152 -80
-176 -92
-160 -86
-152 -84
-132 -72
-156 -80
-148 -80
-152 -84
-148 -80
-136 -74
-132 -76
-152 -80
-144 -86
-156 -86
-156 -82
-164 -86
-172 -88
-140 -70
-152 -76
-148 -72
-160 -80
-140 -72
-132 -70
-132 -64
-124 -56
-120 -42
-140 -60
-140 -60
-136 -72
-112 -64
-120 -44
-88 -18
-76 -6
-56 -14
-80 -22
-80 -10
-80 -6
-68 -18
-80 -30
-88 -38
-124 -58
-116 -58
-116 -64
-128 -58
-128 -72
-160 -84
-140 -70
-128 -68
-152 -86
-168 -90
-188 -96
-184 -96
-164 -90
-164 -88
-188 -96
-184 -96
-188 -96
-160 -90
-184 -96
-184 -96
-188 -96
-172 -90
-160 -90
-168 -90
-184 -96
-192 -98
-192 -98
-176 -94
-164 -90
-148 -82
-168 -90
-152 -78
-168 -90
-160 -86
-164 -90
-168 -90
-176 -92
-172 -92
-176 -92
-180 -94
-172 -92
-176 -92
-176 -92
-176 -94
-184 -96
-172 -92
-176 -94
-132 -80
-144 -82
-140 -84
-168 -90
-176 -92
-180 -94
-168 -90
-168 -88
-136 -76
-128 -72
-124 -66
-112 -52
-100 -48
-108 -52
-92 -46
-104 -50
-132 -62
-108 -56
-104 -56
-140 -68
-120 -68
-124 -66
-124 -58
-120 -62
-120 -64
-160 -82
-172 -92
-172 -90
-160 -88
-156 -86
-160 -86
-152 -78
-148 -84
-164 -88
-156 -84
-172 -92
-152 -86
-160 -90
-148 -82
-156 -86
-160 -86
-168 -92
-144 -82
-144 -78
-144 -76
-144 -80
-164 -88
-172 -92
-160 -86
-188 -96
-184 -96
-136 -72
-132 -68
-132 -74
-136 -74
-152 -72
-152 -74
-164 -86
-176 -88
-156 -82
-164 -88
-164 -84
-160 -88
-164 -90
-152 -82
-180 -94
-160 -90
-148 -84
-172 -92
-152 -84
-172 -92
-180 -94
-180 -94
-148 -84
-140 -84
-128 -76
-144 -80
-148 -84
-172 -92
-192 -98
-156 -88
-144 -76
-136 -72
-132 -74
-128 -68
-124 -62
-120 -60
-124 -72
-140 -80
-144 -82
-156 -82
-156 -84
-144 -76
-176 -90
-200 -100
-184 -94
-184 -94
-172 -90
-184 -96
-176 -94
-156 -88
-160 -82
-172 -90
-164 -90
-168 -90
-176 -94
-136 -76
-144 -84
-128 -70
-120 -70
-108 -66
-116 -62
-120 -50
-116 -50
-100 -48
-120 -66
-140 -80
-148 -80
-160 -90
-160 -88
-160 -88
-168 -88
-148 -84
-148 -84
-128 -64
-124 -64
-132 -70
-136 -74
-140 -74
-144 -84
-120 -62
-132 -54
-128 -52
-120 -50
-116 -30
-140 -32
-128 -30
-104 -18
-124 -20
-124 -42
-96 -32
-84 -42
-72 -52
-112 -54
-72 -42
-68 6
-128 6
-120 22
-112 12
-96 -4
-112 6
-116 24
-100 26
-112 -4
-112 -12
-104 -12
-120 -14
-128 -18
-96 -2
-100 4
-112 4
-116 2
-112 -10
-100 -18
-100 -36
-120 -44
-120 -34
-116 -14
-84 -14
-104 -18
-76 -22
-88 -28
-104 -28
-108 -28
-108 -36
-108 -48
-112 -54
-132 -66
-132 -72
-164 -88
-180 -94
-168 -90
-152 -84
-152 -84
-164 -86
-160 -86
-156 -80
-144 -80
-148 -86
-144 -80
-156 -86
-148 -82
-160 -84
-128 -76
-112 -62
-132 -74
-164 -86
-160 -86
-168 -92
-164 -90
-176 -94
-164 -90
-168 -92
-168 -92
-184 -96
-176 -94
-176 -94
-192 -98
-176 -94
-176 -94
-184 -96
-176 -92
-172 -92
-156 -84
-184 -94
-172 -90
-184 -96
-164 -90
-156 -88
-112 -72
-108 -52
-108 -38
-108 -20
-76 -6
-84 -2
-100 -18
-100 -28
-108 -36
-112 -36
-104 -46
-80 -38
-76 -34
-112 -56
-100 -62
-120 -60
-128 -68
-148 -78
-164 -88
-152 -84
-144 -80
-176 -86
-164 -84
-140 -72
-104 -58
-88 -58
-100 -56
-92 -48
-108 -66
-100 -62
-128 -66
-120 -74
-140 -76
-148 -78
-148 -80
-160 -86
-136 -76
-128 -76
-108 -60
-108 -54
-104 -42
-92 -44
-92 -34
-108 -38
-104 -34
-104 -44
-88 -26
-96 -22
-112 -10
-92 4
-76 10
-100 4
-108 6
-76 -2
-88 -18
-108 -30
-100 -44
-112 -50
-112 -46
-104 -46
-104 -52
-104 -52
-104 -64
-108 -68
-120 -72
-160 -88
-152 -84
-172 -88
-160 -88
-116 -74
-140 -72
-152 -84
-144 -82
-176 -92
-188 -96
-164 -86
-156 -80
-128 -68
-160 -82
-144 -80
-128 -76
-148 -78
-148 -82
-156 -86
-164 -90
-156 -84
-136 -82
-132 -78
-112 -64
-116 -68
-120 -74
-156 -82
-160 -82
-176 -88
-164 -88
-156 -82
-152 -86
-144 -80
-152 -80
-160 -88
-148 -82
-144 -84
-164 -90
-184 -96
-172 -92
-172 -90
-172 -92
-156 -88
-180 -94
-192 -98
-184 -96
-200 -100
-188 -96
-156 -86
-176 -92
-176 -94
-184 -96
-192 -98
-160 -86
-180 -94
-172 -90
-180 -92
-184 -94
-168 -86
-148 -82
-132 -66
-144 -68
-152 -80
-164 -84
-164 -82
-168 -84
-152 -84
-140 -82
-184 -96
-172 -92
-176 -94
-192 -98
-192 -98
-184 -96
-168 -90
-160 -90
-176 -94
-192 -98
-184 -96
-192 -98
-184 -96
-192 -98
-188 -96
-192 -98
-200 -100
-176 -94
-168 -92
-176 -92
-168 -90
-156 -86
-132 -76
-136 -74
-108 -70
-128 -74
-88 -42
-92 -58
-124 -68
-116 -66
-112 -52
-108 -62
-136 -80
-116 -62
-124 -72
-136 -72
-140 -80
-132 -74
-152 -86
-172 -92
-164 -90
-152 -86
-176 -94
-200 -100
-200 -100
-168 -90
-164 -88
-156 -84
-132 -76
-136 -80
-168 -90
-184 -94
-176 -94
-172 -90
-164 -90
-144 -80
-160 -88
-172 -90
-176 -92
-160 -90
-172 -92
-156 -86
-148 -82
-160 -86
-152 -82
-124 -70
-148 -72
-136 -72
-96 -52
-132 -80
-136 -80
-144 -82
-148 -84
-144 -80
-120 -72
-108 -70
-136 -80
-136 -78
-144 -84
-164 -90
-152 -84
-164 -86
-152 -80
-152 -84
-172 -92
-156 -88
-176 -94
-184 -96
-164 -88
-152 -84
-124 -74
-124 -74
-140 -82
-144 -78
-136 -70
-144 -68
-132 -72
-132 -72
-148 -62
-136 -70
-152 -80
-140 -74
-132 -72
-128 -70
-120 -62
-120 -58
-128 -48
-112 -62
-104 -56
-112 -62
-132 -66
-136 -72
-156 -80
-144 -80
-168 -88
-168 -86
-168 -84
-156 -86
-180 -94
-168 -90
-176 -94
-156 -88
-152 -84
-148 -84
-156 -86
-148 -80
-160 -86
-140 -74
-156 -84
-180 -94
-164 -90
-144 -80
-168 -90
-172 -86
-164 -84
-144 -76
-148 -80
-132 -78
-144 -84
-148 -82
-156 -86
-176 -94
-180 -94
-176 -94
-176 -92
-172 -88
-180 -94
-128 -76
-160 -84
-144 -82
-144 -78
-136 -78
-124 -64
-136 -66
-124 -64
-140 -76
-128 -70
-156 -86
-128 -78
-156 -88
-172 -92
-164 -90
-164 -88
-168 -90
-168 -90
-192 -98
-184 -96
-160 -86
-152 -82
-128 -78
-128 -72
-124 -74
-168 -90
-172 -90
-176 -92
-180 -94
-164 -90
-184 -94
-188 -96
-168 -92
-172 -92
-180 -94
-188 -96
-188 -96
-184 -96
-180 -94
-192 -98
-192 -98
-172 -90
-184 -96
-180 -94
-172 -90
-156 -84
-172 -92
-180 -94
-184 -96
-172 -92
-160 -88
-136 -76
-180 -92
-176 -94
-168 -92
-172 -92
-160 -88
-144 -84
-172 -90
-176 -94
-148 -86
-140 -80
-168 -90
-176 -94
-184 -96
-192 -98
-192 -98
-184 -96
-176 -94
-172 -92
-148 -82
-140 -78
-124 -76
-132 -68
-152 -76
-132 -76
-112 -66
-124 -76
-100 -52
-88 -60
-128 -76
-140 -78
-160 -88
-192 -98
-180 -94
-172 -88
-124 -78
-164 -90
-164 -90
-140 -76
-160 -84
-172 -90
-168 -90
-164 -86
-188 -96
-184 -96
-192 -98
-184 -96
-192 -98
-188 -96
-188 -96
-192 -98
-176 -88
-160 -80
-172 -84
-164 -86
-156 -80
-144 -76
-156 -82
-160 -86
-140 -80
-128 -72
-112 -74
-136 -76
-144 -74
-132 -68
-116 -62
-132 -70
-132 -66
-160 -88
-172 -92
-168 -90
-160 -88
-156 -88
-140 -82
-128 -74
-148 -78
-160 -88
-152 -86
-136 -80
-148 -82
-156 -82
-152 -82
-160 -88
-176 -92
-164 -90
-172 -92
-176 -94
-200 -100
-192 -98
-168 -90
-156 -86
-116 -68
-100 -50
-140 -76
-148 -80
-152 -84
-148 -82
-156 -84
-144 -74
-164 -86
-172 -90
-168 -88
-104 -62
-124 -74
-124 -68
-152 -82
-176 -94
-172 -92
-184 -96
-144 -84
-164 -90
-176 -92
-148 -82
-164 -90
-160 -88
-180 -94
-172 -92
-160 -90
-164 -86
-160 -84
-164 -82
-156 -86
-168 -92
-164 -90
-172 -92
-168 -92
-184 -96
-156 -88
-148 -84
-148 -86
-168 -88
-160 -86
-180 -94
-180 -94
-164 -90
-168 -90
-168 -90
-164 -86
-148 -82
-168 -90
-128 -78
-108 -66
-148 -80
-160 -86
-156 -86
-152 -88
-128 -78
-144 -78
-148 -72
-144 -68
-132 -60
-100 -36
-112 -40
-112 -48
-108 -34
-92 -40
-108 -48
-88 -38
-100 -14
-120 2
-116 6
-124 -8
-128 -20
-116 -18
-116 -12
-88 6
-92 8
-120 10
-112 -2
-120 20
-132 10
-132 -2
-128 8
-120 6
-120 8
-128 -4
-116 12
-112 10
-128 26
-140 30
-112 16
-124 20
-96 0
-116 -4
-124 -8
-116 0
-124 -22
-124 -16
-104 -22
-100 -4
-120 8
-100 10
-104 12
-100 16
-96 0
-100 8
-108 0
-84 -8
-88 -10
-108 8
-112 20
-96 20
-76 4
-80 20
-96 10
-76 28
-120 38
-100 26
-112 40
-104 42
-112 42
-108 50
-112 56
-116 50
-128 48
-132 58
-132 52
-104 40
-100 28
-100 28
-104 46
-68 32
-56 22
-116 52
-116 54
-120 48
-136 56
-124 60
-128 58
-92 38
-80 24
-104 20
-92 -2
-116 -2
-104 2
-120 -2
-120 -10
-104 -24
-104 -20
-104 -22
-76 -8
-104 -14
-84 0
-108 -4
-136 -8
-112 2
-104 8
-104 -32
-80 -32
-104 -8
-104 14
-112 12
-108 22
-124 28
-136 32
-132 24
-108 20
-104 16
-108 16
-124 34
-92 26
-124 46
-128 52
-116 48
-96 28
-96 24
-116 2
-100 12
-108 12
-92 8
-92 2
-120 20
-120 16
-124 20
-112 12
-104 12
-116 0
-108 6
-128 -14
-108 -20
-96 -28
-112 -52
-92 -50
-120 -60
-144 -66
-152 -70
-156 -80
-164 -90
-160 -86
-168 -88
-136 -78
-152 -84
-148 -80
-172 -92
-180 -94
-164 -90
-152 -84
-144 -74
-132 -76
-124 -74
-160 -90
-172 -92
-160 -88
-144 -84
-148 -86
-168 -92
-184 -94
-188 -96
-188 -96
-180 -94
-160 -84
-168 -92
-172 -92
-160 -88
-168 -90
-164 -90
-140 -78
-116 -68
-144 -82
-160 -88
-148 -80
-140 -78
-156 -88
-200 -100
-200 -100
-176 -94
-184 -96
-164 -86
-140 -74
-116 -66
-108 -50
-104 -44
-112 -42
-72 -22
-100 -30
-88 -28
-108 -40
-104 -46
-136 -58
-116 -44
-128 -54
-116 -48
-132 -52
-100 -48
-140 -76
-124 -62
-120 -70
-144 -80
-152 -86
-152 -84
-176 -92
-168 -90
-172 -92
-180 -94
-180 -94
-192 -98
-188 -96
-184 -96
-152 -82
-164 -90
-136 -80
-152 -84
-168 -90
-156 -88
-176 -94
-160 -88
-160 -84
-148 -76
-148 -84
-152 -86
-164 -90
-180 -94
-172 -92
-184 -96
-168 -92
-156 -88
-132 -76
-112 -58
-100 -44
-84 -34
-108 -42
-128 -42
-116 -28
-120 -36
-112 -34
-108 -14
-104 -8
-104 6
-104 -12
-116 -4
-108 -2
-120 4
-120 20
-116 10
-120 12
-128 8
-104 12
-108 38
-84 40
-96 42
-104 54
-92 48
-136 60
-124 58
-120 54
-120 52
-112 46
-128 48
-112 28
-132 44
-132 56
-144 72
-128 44
-144 64
-128 70
-140 70
-104 46
-128 56
-128 56
-136 56
-116 58
-112 54
-124 46
-128 56
-116 34
-132 48
-120 62
-104 56
-124 44
-124 52
-120 54
-132 64
-132 64
-124 52
-112 46
-140 62
-144 70
-128 68
-136 78
-136 72
-140 74
-148 84
-140 84
-144 78
-144 84
-172 92
-168 92
-192 98
-200 100
-188 96
-184 96
-176 94
-184 96
-176 94
-200 100
-184 96
-184 96
-160 88
-160 88
-156 88
-160 88
-160 86
-164 88
-156 82
-144 80
-136 66
-144 70
-144 80
-148 80
-144 78
-172 86
-176 94
-176 94
-172 92
-140 84
-132 76
-160 86
-128 74
-168 90
-184 96
-168 84
-132 70
-140 80
-152 82
-152 86
-144 80
-160 88
-164 88
-168 90
-160 86
-168 90
-164 86
-192 98
-180 94
-168 92
-180 90
-176 90
-200 100
-200 100
-184 96
-180 94
-168 86
-180 94
-168 90
-168 92
-176 92
-168 92
-184 96
-180 88
-184 96
-156 88
-176 92
-180 94
-160 86
-160 88
-132 78
-132 70
-156 86
-164 88
-168 92
-140 78
-156 82
-172 92
-192 98
-184 96
-180 94
-168 92
-164 90
-164 88
-136 74
-144 82
-160 90
-192 98
-192 98
-164 88
-168 92
-144 78
-156 80
-116 64
-120 70
-124 72
-140 80
-156 82
-128 76
-104 62
-112 60
-128 74
-176 92
-160 86
-152 86
-176 94
-180 94
-192 98
-172 92
-172 88
-160 88
-180 94
-160 86
-164 86
-168 92
-148 84
-148 84
-136 80
-148 82
-152 86
-156 88
-164 90
-136 80
-160 88
-156 88
-172 92
-180 94
-172 92
-176 90
-160 86
-168 88
-156 84
-168 92
-184 96
-172 92
-172 90
-152 78
-140 70
-128 60
-100 38
-112 46
-92 56
-136 76
-144 82
-112 70
-140 82
-140 82
-152 80
-164 86
-140 78
-144 76
-144 76
-136 70
-132 74
-128 70
-116 54
-92 62
-100 44
-88 40
-136 66
-132 62
-120 48
-112 54
-116 54
-104 50
-112 50
-120 50
-108 38
-100 28
-100 32
-96 36
-88 40
-104 40
-124 42
-116 46
-128 52
-124 58
-112 66
-108 66
-124 78
-120 72
-152 84
-148 86
-136 78
-108 66
-160 86
-144 74
-128 70
-136 76
-160 88
-156 84
-140 78
-120 72
-112 54
-120 64
-124 72
-152 82
-140 80
-160 86
-148 80
-148 76
-172 88
-168 86
-180 94
-172 92
-192 98
-172 92
-168 90
-176 94
-184 94
-152 80
-144 80
-148 82
-152 82
-132 66
-124 64
-136 66
-144 64
-128 58
-128 64
-156 74
-156 82
-164 74
-172 80
-160 82
-168 86
-140 76
-124 64
-144 66
-132 68
-128 68
-116 66
-136 76
-144 80
-160 80
-160 74
-156 76
-160 90
-140 80
-148 82
-176 94
-180 92
-172 88
-168 88
-164 86
-168 88
-176 94
-176 94
-164 90
-160 84
-164 90
-160 90
-164 90
-144 84
-156 84
-156 88
-168 92
-172 90
-172 92
-132 74
-164 90
-160 90
-176 90
-168 90
-152 86
-132 74
-144 78
-160 84
-156 84
-140 74
-148 80
-156 86
-164 88
-180 94
-164 90
-168 90
-148 82
-156 84
-148 78
-144 78
-156 88
-152 82
-176 94
-164 90
-140 76
-136 80
-144 84
-144 82
-156 86
-160 84
-160 88
-136 78
-160 88
-176 94
-176 90
-164 90
-156 88
-132 72
-128 70
-116 64
-104 60
-124 66
-124 66
-144 78
-160 86
-160 88
-160 90
-168 88
-132 80
-144 80
-136 80
-136 76
-144 74
-152 80
-132 66
-132 72
-128 72
-164 88
-136 76
-100 62
-84 26
-96 44
-124 68
-124 62
-120 58
-132 66
-140 82
-120 66
-116 64
-128 70
-132 72
-124 70
-124 64
-124 70
-140 74
-136 72
-136 74
-180 92
-152 82
-144 80
-124 64
-112 56
-96 46
-112 36
-124 50
-112 48
-108 46
-112 34
-112 38
-140 58
-116 66
-136 70
-140 74
-144 78
-152 84
-148 84
-148 76
-160 86
-152 86
-148 84
-144 86
-160 82
-144 80
-140 80
-168 90
-172 90
-160 86
-172 92
-144 80
-152 80
-168 88
-160 86
-176 90
-168 92
-184 96
-176 94
-180 94
-180 94
-160 88
-144 86
-156 86
-172 92
-164 88
-176 94
-192 98
-164 90
-164 88
-160 86
-172 92
-180 94
-148 82
-152 86
-192 98
-168 90
-144 84
-152 86
-184 96
-172 90
-180 94
-160 84
-164 88
-136 78
-148 80
-152 74
-152 74
-140 82
-104 60
-84 44
-104 44
-96 56
-108 46
-120 50
-128 58
-120 66
-100 58
-100 50
-104 40
-92 44
-96 44
-124 66
-160 80
-156 78
-176 90
-164 88
-164 86
-156 78
-152 72
-148 76
-152 78
-156 74
-156 82
-156 84
-148 80
-144 78
-144 72
-152 76
-152 82
-128 68
-140 70
-144 68
-124 60
-140 72
-132 66
-168 90
-172 90
-172 92
-176 94
-168 90
-160 88
-144 84
-124 74
-116 76
-120 64
-120 64
-124 60
-140 72
-136 76
-148 76
-164 82
-156 80
-168 86
-168 90
-148 80
-156 82
-136 74
-148 82
-152 78
-124 72
-132 62
-128 60
-116 60
-96 60
-124 66
-152 70
-140 62
-148 70
-148 76
-152 82
-192 98
-172 90
-188 96
-164 88
-160 84
-168 92
-184 96
-192 98
-172 92
-180 92
-164 86
-172 86
-160 84
-144 80
-152 86
-152 84
-164 88
-180 94
-192 98
-172 92
-148 84
-176 94
-172 92
-164 86
-164 86
-160 88
-144 84
-128 72
-136 76
-132 82
-160 90
-192 98
-184 96
-176 94
-184 96
-164 90
-172 92
-152 84
-172 88
-180 94
-156 86
-164 86
-136 76
-164 88
-184 96
-172 92
-160 88
-144 80
-140 84
-168 86
-180 92
-192 98
-188 96
-168 92
-164 90
-160 88
-156 86
-136 80
-124 70
-108 68
-128 70
-116 50
-100 34
-100 38
-88 42
-92 56
-120 76
-112 54
-100 46
-112 30
-104 20
-96 12
-120 2
-76 18
-84 26
-92 54
-128 62
-124 56
-128 62
-144 70
-132 66
-124 64
-104 40
-112 60
-128 74
-128 76
-144 86
-164 90
-160 88
-128 78
-156 82
-152 80
-136 70
-156 84
-164 88
-184 96
-184 96
-184 96
-180 94
-180 94
-176 88
-176 94
-172 92
-176 94
-192 98
-164 90
-164 88
-156 88
-148 82
-136 70
-144 64
-124 62
-116 54
-128 64
-144 64
-144 76
-168 84
-164 88
-180 92
-172 88
-176 92
-168 88
-176 92
-172 92
-164 88
-168 90
-176 92
-180 94
-172 92
-164 90
-156 80
-156 76
-128 72
-132 80
-132 74
-136 76
-124 70
-128 72
-144 78
-128 52
-100 50
-104 48
-96 56
-92 62
-112 64
-136 82
-160 86
-136 78
-148 82
-156 86
-152 88
-144 80
-132 74
-164 88
-168 90
-192 98
-164 90
-168 90
-172 92
-140 78
-136 74
-132 78
-148 86
-160 86
-152 86
-152 88
-140 82
-160 88
-148 84
-124 74
-132 74
-120 74
-140 78
-144 80
-180 94
-180 94
-180 94
-160 86
-160 88
-180 94
-152 86
-144 80
-152 80
-168 86
-176 92
-160 84
-152 84
-184 96
-156 88
-176 90
-144 76
-120 56
-128 54
-136 60
-120 56
-132 64
-124 64
-132 60
-144 70
-148 78
-180 92
-160 88
-184 94
-144 82
-168 92
-152 88
-152 86
-156 86
-156 88
-168 90
-164 90
-148 82
-136 76
-164 88
-140 80
-148 80
-164 88
-180 94
-168 88
-184 96
-176 92
-172 92
-180 94
-184 96
-180 94
-168 88
-176 94
-136 80
-164 90
-136 76
-148 84
-160 88
-180 94
-168 90
-156 82
-164 90
-152 84
-160 86
-120 74
-148 84
-168 90
-160 88
-164 90
-136 76
-120 74
-124 66
-136 58
-136 64
-152 76
-156 82
-152 86
-184 96
-184 96
-188 96
-168 92
-180 94
-164 90
-132 80
-156 84
-172 86
-144 76
-140 68
-152 80
-180 92
-184 94
-180 94
-156 84
-172 90
-184 96
-184 94
-176 90
-168 88
-160 88
-164 86
-184 96
-144 84
-160 88
-172 90
-172 88
-160 84
-180 90
-176 92
-168 90
-160 88
-160 88
-128 76
-120 72
-132 72
-148 78
-168 86
-168 88
-180 94
-184 96
-176 94
-184 96
-168 90
-180 94
-176 94
-152 88
-176 94
-176 92
-200 100
-176 94
-176 94
-188 96
-176 90
-184 96
-168 90
-176 90
-168 90
-176 94
-184 96
-188 96
-160 88
-156 86
-160 86
-160 88
-172 90
-172 92
-164 90
-152 82
-164 88
-172 88
-184 96
-168 92
-172 92
-176 94
-156 84
-136 80
-124 76
-156 88
-180 94
-172 92
-168 90
-172 92
-144 86
-140 70
-132 64
-128 60
-144 76
-152 70
-144 68
-124 64
-132 66
-140 84
-172 92
-192 98
-180 94
-176 92
-164 90
-172 92
-176 92
-160 88
-152 86
-172 92
-136 70
-136 64
-128 66
-128 78
-120 72
-140 68
-168 90
-160 82
-128 74
-120 56
-124 62
-160 82
-164 88
-148 78
-148 78
-148 82
-172 88
-176 88
-164 84
-144 82
-120 76
-160 88
-168 92
-164 90
-160 88
-192 98
-160 88
-168 90
-160 90
-168 92
-164 84
-172 90
-164 88
-144 80
-160 88
-172 92
-152 86
-164 90
-148 78
-140 74
-124 52
-112 54
-140 64
-120 48
-116 38
-116 38
-108 40
-112 50
-120 54
-100 56
-128 62
-120 52
-120 58
-140 64
-144 74
-172 92
-152 86
-164 86
-164 86
-168 90
-180 92
-168 90
-184 96
-176 94
-188 96
-192 98
-200 100
-192 98
-176 90
-172 88
-152 80
-152 78
-168 76
-168 80
-160 76
-148 80
-140 74
-168 88
-180 92
-164 90
-168 88
-164 88
-164 86
-156 82
-156 88
-152 84
-148 78
-136 72
-128 62
-128 56
-128 58
-132 54
-140 68
-144 70
-128 58
-152 64
-136 54
-156 76
-136 78
-152 78
-160 86
-184 96
-172 92
-176 92
-172 90
-160 88
-160 88
-176 94
-176 90
-144 84
-148 82
-148 78
-148 80
-148 80
-140 72
-136 76
-108 68
-116 66
-124 64
-140 68
-168 84
-148 76
-136 78
-184 96
-164 90
-172 90
-172 92
-136 84
-128 76
-128 76
-140 82
-124 72
-156 88
-168 92
-176 92
-188 96
-168 90
-160 88
-164 90
-168 92
-172 90
-176 92
-180 94
-160 88
-176 94
-152 88
-136 80
-120 62
-120 68
-136 76
-168 90
-180 94
-168 92
-152 84
-156 86
-152 86
-164 90
-148 84
-184 96
-192 98
-176 94
-172 92
-164 90
-168 90
-188 96
-172 92
-172 90
-164 86
-168 84
-164 82
-168 90
-160 86
-180 90
-160 88
-180 94
-168 92
-152 86
-152 84
-156 86
-132 74
-132 78
-136 78
-132 80
-152 86
-164 88
-144 80
-148 84
-164 86
-176 94
-184 94
-176 94
-156 86
-160 86
-160 86
-184 96
-160 88
-164 86
-164 90
-180 94
-144 80
-144 74
-164 88
-172 92
-152 80
-148 84
-176 94
-192 98
-172 92
-176 92
-164 90
-168 92
-148 84
-148 82
-164 86
-140 80
-160 84
-140 82
-144 82
-172 92
-164 90
-136 80
-148 80
-136 78
-156 82
-172 90
-168 92
-184 96
-184 96
-184 96
-152 86
-168 92
-160 86
-184 96
-176 94
-176 94
-124 76
-108 66
-124 74
-112 68
-124 66
-160 84
-180 94
-192 98
-164 88
-136 82
-156 82
-144 78
-132 66
-132 78
-144 76
-136 70
-152 72
-136 66
-128 66
-132 68
-140 78
-116 68
-144 70
-136 66
-108 56
-140 80
-124 66
-148 78
-120 72
-124 72
-152 82
-128 72
-120 72
-112 68
-136 74
-144 74
-156 80
-152 76
-136 68
-144 74
-136 66
-144 76
-124 70
-136 76
-156 88
-148 86
-140 82
-156 82
-176 92
-180 94
-164 90
-180 92
-192 98
-188 96
-172 92
-180 94
-156 82
-152 80
-140 70
-148 76
-136 76
-116 64
-96 52
-132 66
-136 72
-144 76
-168 92
-140 82
-144 84
-148 84
-148 78
-120 62
-112 70
-156 86
-144 80
-168 92
-176 94
-180 94
-168 90
-152 78
-180 92
-192 98
-176 92
-176 94
-184 94
-164 88
-140 78
-144 80
-140 76
-120 70
-116 76
-128 78
-144 86
-144 84
-124 78
-148 84
-164 90
-148 82
-148 84
-120 74
-140 82
-148 84
-140 84
-140 84
-156 84
-172 86
-168 90
-164 88
-180 94
-176 94
-184 96
-172 92
-164 90
-172 92
-192 98
-192 98
-160 90
-164 90
-148 78
-164 88
-148 86
-164 90
-168 90
-172 92
-156 88
-172 90
-148 82
-176 92
-152 86
-152 86
-168 90
-172 90
-156 88
-144 84
-168 90
-168 86
-152 84
-156 88
-164 90
-176 92
-176 94
-176 92
-168 90
-160 88
-172 92
-156 88
-164 86
-172 92
-168 88
-168 92
-144 82
-128 76
-108 50
-104 48
-112 52
-144 62
-136 62
-144 68
-124 72
-140 78
-180 94
-180 94
-164 90
-168 92
-184 96
-184 96
-188 96
-164 90
-176 94
-160 88
-160 84
-176 90
-156 80
-156 82
-156 86
-172 90
-168 90
-176 94
-164 88
-164 90
-164 90
-184 96
-156 86
-148 84
-148 84
-136 76
-164 88
-144 78
-156 78
-136 80
-112 68
-144 72
-160 82
-172 88
-144 78
-160 76
-140 80
-128 68
-112 66
-132 76
-160 86
-168 90
-176 92
-192 98
-164 90
-152 82
-148 86
-172 92
-180 94
-176 92
-164 90
-156 86
-164 88
-152 84
-132 78
-168 90
-184 94
-172 90
-144 80
-160 88
-172 90
-188 96
-168 90
-164 86
-152 84
-140 80
-136 76
-148 76
-116 60
-136 68
-132 58
-132 56
-132 64
-116 62
-128 48
-140 48
-124 54
-96 36
-120 54
-108 50
-108 44
-80 32
-112 58
-148 80
-148 76
-140 80
-104 60
-132 74
-132 78
-148 78
-148 78
-164 88
-172 92
-184 96
-192 98
-184 96
-156 88
-156 86
-148 86
-152 88
-192 98
-184 96
-192 98
-160 88
-172 92
-176 94
-160 88
-152 84
-164 90
-152 88
-164 90
-184 96
-192 98
-156 86
-148 80
-160 78
-172 86
-184 96
-184 96
-172 90
-192 98
-184 96
-184 96
-188 96
-184 96
-180 94
-192 98
-180 94
-172 88
-164 78
-168 88
-132 74
-160 84
-176 92
-184 96
-168 90
-172 92
-176 92
-172 92
-184 96
-168 92
-188 96
-184 96
-144 80
-124 60
-120 60
-124 64
-120 68
-128 72
-120 62
-132 78
-168 90
-176 92
-156 86
-176 90
-140 76
-152 86
-164 90
-168 92
-156 86
-152 86
-140 80
-132 78
-104 64
-144 76
-160 80
-160 80
-164 86
-184 94
-176 94
-180 94
-152 82
-160 88
-164 90
-172 92
-172 92
-152 84
-172 92
-184 96
-180 94
-192 98
-168 90
-148 78
-136 72
-148 74
-164 74
-168 86
-172 90
-176 92
-152 86
-148 84
-168 90
-184 94
-184 96
-168 92
-172 88
-148 82
-116 70
-160 82
-148 68
-116 62
-136 70
-140 68
-136 70
-156 78
-140 82
-152 82
-160 88
-160 86
-152 80
-116 70
-116 68
-136 68
-152 84
-156 82
-140 72
-128 64
-136 70
-148 74
-112 62
-88 48
-92 46
-104 46
-120 42
-104 48
-84 28
-100 18
-100 -16
-96 -12
-108 -16
-116 -28
-132 -34
-116 -38
-104 -50
-116 -58
-116 -48
-120 -56
-124 -48
-132 -48
-132 -60
-124 -48
-104 -36
-112 -42
-124 -44
-144 -62
-144 -62
-164 -74
-140 -62
-164 -70
-132 -80
-176 -94
-168 -92
-160 -84
-148 -82
-144 -84
-152 -78
-168 -90
-192 -98
-172 -92
-152 -84
-176 -92
-172 -92
-172 -92
-152 -86
-172 -92
-168 -90
-148 -82
-136 -72
-144 -80
-168 -90
-168 -86
-148 -80
-172 -90
-156 -88
-192 -98
-164 -88
-140 -74
-148 -70
-132 -68
-152 -78
-136 -74
-132 -76
-96 -58
-80 -54
-108 -60
-112 -62
-164 -84
-136 -74
-164 -84
-188 -96
-176 -94
-176 -94
-152 -86
-152 -82
-168 -92
-160 -88
-172 -86
-144 -72
-140 -66
-140 -64
-112 -48
-132 -52
-108 -58
-104 -56
-120 -40
-116 -58
-108 -56
-96 -48
-84 -40
-100 -56
-92 -38
-120 -48
-96 -48
-124 -68
-128 -62
-140 -76
-148 -84
-160 -88
-160 -88
-140 -78
-144 -80
-144 -78
-140 -80
-136 -74
-140 -62
-136 -74
-136 -78
-140 -80
-172 -92
-172 -90
-140 -84
-176 -94
-152 -86
-164 -90
-168 -90
-148 -82
-168 -92
-176 -94
-192 -98
-192 -98
-176 -94
-168 -90
-176 -94
-192 -98
-192 -98
-188 -96
-184 -96
-184 -96
-176 -94
-160 -88
-128 -64
-132 -74
-152 -82
-124 -74
-172 -90
-164 -90
-164 -90
-172 -92
-176 -94
-184 -92
-184 -94
-176 -92
-176 -94
-160 -90
-176 -94
-164 -90
-176 -94
-160 -86
-156 -88
-152 -86
-184 -96
-176 -94
-160 -84
-160 -84
-156 -86
-152 -84
-136 -82
-148 -80
-156 -84
-180 -94
-184 -96
-176 -94
-184 -96
-168 -90
-160 -86
-152 -84
-152 -88
-168 -92
-160 -88
-156 -88
-168 -90
-184 -94
-152 -88
-156 -86
-148 -84
-140 -82
-144 -80
-160 -88
-164 -88
-176 -94
-180 -94
-164 -90
-164 -90
-176 -94
-200 -100
-200 -100
-164 -90
-144 -74
-132 -68
-160 -84
-164 -88
-136 -80
-136 -78
-152 -84
-180 -94
-160 -88
-184 -96
-200 -100
-176 -92
-168 -86
-140 -70
-128 -52
-124 -34
-116 -30
-112 -44
-108 -30
-128 -36
-116 -44
-108 -40
-124 -42
-128 -48
-136 -60
-140 -64
-116 -62
-100 -52
-80 -38
-96 -48
-96 -62
-112 -54
-116 -44
-160 -82
-140 -78
-136 -78
-140 -78
-148 -82
-132 -74
-140 -72
-132 -74
-148 -84
-160 -88
-160 -88
-136 -80
-140 -82
-168 -90
-176 -94
-152 -88
-168 -90
-140 -82
-148 -80
-172 -92
-160 -88
-152 -82
-168 -86
-160 -80
-180 -94
-188 -96
-200 -100
-184 -96
-152 -82
-156 -88
-152 -84
-160 -88
-180 -94
-124 -74
-116 -62
-124 -56
-132 -54
-116 -56
-108 -56
-140 -62
-156 -74
-132 -66
-128 -52
-120 -46
-120 -36
-120 -48
-124 -52
-128 -58
-120 -66
-148 -74
-132 -64
-136 -72
-152 -86
-176 -94
-192 -98
-184 -96
-192 -98
-180 -94
-176 -92
-168 -90
-152 -78
-152 -86
-188 -96
-192 -98
-180 -92
-156 -80
-160 -90
-124 -76
-104 -62
-116 -68
-128 -66
-140 -72
-160 -88
-160 -88
-176 -94
-168 -90
-148 -80
-148 -82
-164 -90
-168 -88
-156 -84
-136 -70
-120 -68
-128 -70
-132 -80
-152 -88
-160 -90
-164 -90
-176 -94
-192 -98
-176 -92
-176 -92
-180 -94
-160 -86
-164 -84
-156 -88
-192 -98
-184 -94
-184 -96
-168 -92
-152 -86
-164 -88
-156 -86
-164 -90
-144 -80
-144 -84
-144 -86
-140 -74
-156 -80
-160 -86
-164 -90
-184 -94
-152 -86
-192 -98
-180 -94
-200 -100
-172 -92
-164 -88
-180 -94
-180 -94
-176 -94
-164 -90
-172 -90
-172 -92
-172 -90
-160 -88
-184 -96
-164 -90
-184 -94
-168 -88
-172 -92
-156 -86
-160 -90
-168 -92
-180 -94
-160 -90
-160 -86
-132 -72
-160 -84
-152 -86
-140 -76
-132 -72
-120 -62
-140 -74
-168 -84
-164 -84
-168 -88
-172 -92
-168 -92
-172 -92
-172 -90
-144 -78
-156 -88
-148 -84
-160 -88
-160 -88
-184 -96
-188 -96
-160 -86
-164 -90
-160 -90
-164 -90
-156 -82
-144 -80
-148 -76
-148 -78
-156 -86
-164 -88
-200 -100
-200 -100
-200 -100
-192 -98
-176 -94
-164 -90
-192 -98
-176 -94
-176 -94
-168 -92
-160 -86
-176 -92
-144 -82
-192 -98
-160 -88
-156 -88
-192 -98
-176 -94
-164 -90
-164 -86
-152 -86
-172 -90
-164 -88
-152 -84
-148 -82
-128 -76
-148 -74
-144 -76
-140 -66
-136 -66
-140 -52
-152 -60
-132 -58
-128 -56
-120 -60
-156 -72
-148 -68
-152 -74
-128 -68
-128 -70
-148 -74
-128 -62
-144 -72
-144 -62
-140 -62
-124 -58
-124 -70
-124 -68
-148 -84
-128 -74
-116 -62
-112 -60
-108 -60
-128 -64
-108 -52
-128 -64
-120 -56
-120 -64
-132 -70
-136 -74
-124 -58
-128 -60
-144 -46
-144 -56
-140 -56
-136 -54
-156 -58
-136 -48
-116 -50
-116 -46
-128 -58
-104 -58
-140 -82
-120 -74
-164 -86
-160 -86
-176 -94
-176 -94
-172 -92
-168 -92
-184 -96
-176 -94
-172 -92
-168 -92
-176 -92
-176 -92
-188 -96
-176 -92
-156 -82
-160 -88
-176 -92
-168 -92
-156 -86
-148 -80
-140 -76
-116 -70
-120 -66
-160 -88
-168 -88
-164 -90
-168 -90
-148 -84
-148 -76
-156 -86
-152 -86
-152 -80
-120 -74
-176 -92
-144 -82
-184 -96
-192 -98
-176 -90
-164 -90
-152 -84
-176 -92
-176 -94
-172 -90
-172 -92
-164 -90
-172 -92
-192 -98
-184 -96
-184 -96
-168 -90
-168 -92
-156 -88
-140 -84
-132 -74
-116 -74
-156 -82
-160 -84
-148 -82
-144 -76
-140 -80
-132 -64
-120 -54
-140 -62
-140 -54
-132 -44
-136 -42
-116 -44
-116 -44
-136 -56
-132 -58
-136 -36
-128 -44
-140 -48
-136 -62
-124 -66
-112 -40
-112 -30
-100 -22
-120 -32
-120 -28
-104 -32
-124 -24
-104 -28
-108 -34
-116 -34
-104 -32
-104 -30
-112 -26
-88 -38
-112 -28
-132 -42
-116 -46
-116 -40
-104 -28
-128 -48
-136 -46
-148 -64
-148 -70
-140 -72
-140 -76
-136 -78
-164 -90
-156 -88
-144 -78
-156 -78
-156 -84
-160 -80
-136 -68
-112 -56
-144 -68
-124 -56
-128 -66
-136 -66
-128 -74
-132 -70
-144 -70
-156 -82
-156 -86
-172 -92
-112 -72
-144 -86
-136 -80
-128 -74
-156 -86
-180 -94
-180 -94
-164 -90
-124 -66
-140 -74
-124 -62
-128 -68
-124 -66
-152 -88
-132 -80
-144 -80
-140 -82
-200 -100
-192 -98
-152 -84
-152 -82
-140 -70
-176 -90
-156 -88
-164 -90
-152 -88
-180 -94
-180 -92
-176 -94
-172 -92
-164 -90
-156 -82
-172 -92
-144 -84
-172 -92
-160 -88
-184 -94
-156 -86
-152 -74
-152 -78
-160 -88
-176 -94
-164 -90
-144 -78
-156 -84
-168 -88
-168 -82
-152 -80
-152 -72
-140 -78
-140 -74
-148 -76
-160 -84
-164 -88
-176 -92
-172 -90
-164 -90
-152 -84
-152 -78
-144 -84
-148 -86
-168 -92
-144 -82
-156 -86
-180 -92
-152 -86
-156 -84
-152 -84
-168 -90
-160 -86
-164 -90
-168 -90
-172 -92
-176 -94
-184 -96
-176 -94
-192 -98
-184 -96
-168 -90
-140 -78
-144 -82
-152 -86
-152 -84
-144 -78
-116 -70
-152 -84
-176 -94
-200 -100
-184 -96
-184 -96
-156 -86
-124 -72
-148 -80
-128 -70
-112 -72
-152 -80
-156 -74
-128 -62
-140 -70
-156 -78
-164 -88
-160 -84
-160 -84
-136 -78
-136 -76
-132 -76
-140 -80
-156 -86
-140 -78
-156 -86
-124 -78
-132 -76
-112 -68
-100 -64
-120 -72
-132 -74
-140 -70
-148 -66
-152 -78
-128 -74
-144 -78
-168 -92
-160 -88
-172 -92
-192 -98
-180 -94
-160 -90
-164 -90
-160 -90
-168 -92
-176 -92
-176 -94
-172 -88
-180 -94
-180 -94
-172 -92
-176 -94
-168 -92
-152 -84
-168 -92
-180 -94
-172 -88
-164 -88
-180 -92
-192 -98
-184 -96
-144 -84
-156 -88
-192 -98
-176 -92
-176 -94
-184 -96
-172 -92
-144 -84
-148 -82
-164 -90
-164 -90
-160 -88
-160 -88
-176 -92
-172 -90
-148 -84
-140 -82
-152 -86
-152 -88
-168 -90
-184 -96
-148 -86
-160 -88
-156 -88
-168 -88
-176 -94
-136 -74
-124 -70
-144 -82
-152 -86
-136 -78
-136 -80
-140 -76
-148 -76
-148 -80
-136 -82
-144 -76
-128 -74
-140 -80
-156 -84
-172 -92
-164 -84
-152 -84
-152 -82
-156 -80
-152 -78
-152 -84
-140 -80
-160 -84
-180 -94
-184 -96
-184 -96
-184 -96
-192 -98
-192 -98
-184 -96
-172 -92
-172 -92
-192 -98
-192 -98
-200 -100
-184 -96
-176 -94
-148 -84
-148 -84
-168 -90
-136 -78
-176 -90
-148 -80
-136 -70
-140 -76
-136 -82
-136 -74
-148 -80
-144 -66
-152 -62
-148 -68
-148 -70
-128 -72
-132 -68
-124 -66
-108 -64
-128 -56
-116 -60
-100 -46
-108 -48
-100 -40
-104 -40
-84 -26
-76 -18
-76 -16
-84 -30
-92 -16
-104 -18
-104 -20
-96 -16
-96 -22
-96 -18
-100 -20
-88 -10
-100 -10
-96 -6
-100 0
-116 8
-124 -12
-104 -28
-112 -34
-112 -48
-96 -40
-100 -38
-80 -22
-84 -32
-104 -34
-96 -42
-104 -52
-132 -42
-120 -36
-100 -20
-128 -28
-132 -40
-112 -36
-128 -52
-120 -52
-112 -42
-108 -46
-100 -30
-96 -16
-116 -42
-92 -48
-124 -62
-160 -82
-152 -84
-156 -88
-148 -84
-156 -88
-160 -88
-176 -90
-156 -86
-168 -90
-184 -96
-164 -86
-164 -86
-164 -90
-164 -86
-156 -86
-156 -86
-176 -92
-152 -88
-156 -88
-160 -88
-152 -84
-156 -86
-176 -92
-164 -90
-176 -94
-160 -88
-152 -86
-168 -92
-176 -94
-192 -98
-180 -94
-164 -90
-168 -90
-136 -76
-136 -74
-128 -80
-156 -88
-176 -94
-164 -90
-160 -86
-124 -68
-124 -50
-112 -56
-112 -40
-116 -38
-112 -34
-112 -42
-92 -44
-92 -46
-124 -54
-136 -64
-128 -62
-136 -74
-120 -68
-124 -62
-124 -56
-128 -50
-124 -58
-100 -36
-104 -48
-156 -86
-164 -90
-176 -94
-180 -94
-168 -90
-180 -94
-184 -96
-176 -92
-184 -96
-184 -96
-176 -92
-180 -94
-152 -82
-148 -82
-152 -86
-164 -90
-184 -96
-160 -86
-172 -92
-168 -92
-180 -94
-188 -96
-176 -94
-180 -94
-168 -84
-120 -70
-152 -82
-156 -88
-160 -84
-160 -90
-168 -88
-176 -94
-172 -92
-152 -86
-144 -82
-124 -68
-112 -66
-120 -62
-128 -78
-148 -84
-140 -82
-136 -74
-140 -74
-124 -68
-124 -62
-108 -52
-108 -36
-104 -44
-108 -56
-104 -52
-100 -50
-92 -42
-112 -32
-128 -28
-132 -20
-124 -34
-120 -42
-132 -46
-128 -52
-128 -52
-136 -50
-120 -56
-116 -48
-120 -50
-116 -66
-128 -70
-132 -68
-160 -82
-144 -82
-140 -82
-144 -84
-168 -90
-164 -90
-176 -94
-176 -94
-168 -92
-164 -90
-172 -92
-136 -76
-144 -80
-144 -82
-140 -82
-184 -96
-188 -96
-164 -86
-160 -86
-164 -90
-164 -86
-152 -78
-176 -90
-164 -90
-164 -90
-184 -96
-180 -94
-192 -98
-188 -96
-180 -94
-192 -98
-184 -94
-200 -100
-184 -96
-180 -94
-160 -82
-172 -92
-156 -88
-160 -82
-124 -78
-116 -72
-88 -56
-100 -56
-112 -70
-116 -66
-116 -50
-120 -66
-136 -70
-156 -74
-156 -82
-140 -80
-136 -70
-160 -86
-172 -90
-160 -86
-164 -90
-192 -98
-192 -98
-176 -94
-156 -88
-164 -90
-184 -94
-172 -88
-156 -82
-180 -94
-164 -88
-164 -88
-168 -88
-172 -90
-184 -96
-168 -90
-164 -86
-160 -86
-152 -84
-148 -84
-176 -92
-176 -92
-192 -98
-168 -90
-160 -86
-152 -84
-164 -90
-156 -80
-156 -74
-152 -80
-148 -82
-156 -84
-156 -82
-164 -88
-168 -86
-172 -88
-188 -96
-152 -86
-172 -92
-156 -88
-192 -98
-176 -92
-160 -84
-172 -88
-164 -80
-144 -68
-116 -70
-148 -82
-140 -76
-116 -62
-112 -62
-164 -86
-152 -86
-144 -80
-136 -72
-132 -74
-124 -70
-128 -72
-132 -76
-140 -78
-140 -68
-128 -70
-152 -84
-160 -86
-172 -92
-184 -96
-184 -96
-176 -92
-188 -96
-192 -98
-200 -100
-192 -98
-192 -98
-168 -92
-180 -94
-168 -88
-156 -86
-148 -76
-148 -76
-164 -86
-180 -94
-176 -92
-152 -86
-172 -92
-168 -92
-168 -92
-184 -96
-152 -82
-148 -78
-148 -80
-136 -74
-132 -78
-148 -84
-128 -78
-132 -80
-116 -70
-124 -72
-152 -80
-144 -80
-152 -86
-152 -84
-172 -92
-156 -84
-160 -88
-168 -92
-156 -88
-168 -92
-160 -86
-128 -78
-144 -82
-148 -78
-140 -78
-156 -80
-132 -74
-132 -76
-164 -88
-176 -92
-152 -88
-144 -84
-160 -90
-188 -96
-188 -96
-184 -96
-172 -88
-160 -80
-152 -70
-164 -78
-136 -74
-144 -80
-132 -72
-140 -68
-132 -68
-144 -70
-116 -58
-120 -62
-120 -58
-108 -54
-80 -50
-108 -48
-104 -48
-108 -42
-108 -28
-108 -30
-100 -20
-84 -4
-100 -14
-104 -24
-136 -40
-136 -52
-104 -34
-112 -32
-132 -28
-108 -26
-116 -22
-104 -28
-88 -26
-96 -50
-120 -62
-120 -72
-128 -76
-148 -78
-156 -84
-148 -80
-124 -64
-108 -54
-116 -44
-104 -48
-124 -58
-120 -64
-136 -74
-148 -80
-172 -92
-188 -96
-192 -98
-192 -98
-192 -98
-184 -96
-160 -88
-164 -90
-164 -90
-184 -96
-160 -90
-172 -92
-184 -96
-184 -96
-200 -100
-180 -94
-176 -94
-172 -92
-140 -84
-172 -92
-180 -94
-192 -98
-184 -96
-172 -92
-184 -94
-192 -98
-192 -98
-188 -96
-164 -90
-176 -92
-176 -92
-176 -92
-152 -88
-148 -82
-148 -86
-172 -90
-160 -84
-140 -74
-168 -90
-172 -92
-184 -96
-176 -94
-164 -88
-160 -88
-164 -90
-160 -86
-180 -94
-172 -92
-160 -86
-128 -78
-148 -82
-164 -90
-192 -98
-176 -94
-172 -92
-152 -84
-152 -84
-168 -90
-176 -94
-172 -92
-140 -84
-152 -84
-180 -94
-180 -94
-192 -98
-172 -88
-160 -88
-172 -92
-148 -78
-156 -76
-144 -78
-148 -82
-140 -76
-116 -62
-116 -60
-128 -74
-124 -62
-108 -56
-104 -52
-112 -42
-112 -58
-96 -42
-112 -46
-116 -48
-136 -58
-136 -58
-120 -46
-88 -42
-80 -24
-92 -16
-84 -32
-88 -40
-88 -52
-120 -68
-108 -66
-108 -58
-104 -46
-104 -44
-104 -40
-96 -32
-108 -50
-128 -68
-136 -74
-136 -80
-132 -74
-132 -64
-148 -76
-136 -70
-116 -50
-136 -58
-116 -52
-128 -70
-152 -82
-120 -74
-120 -74
-156 -84
-192 -98
-184 -96
-164 -90
-144 -82
-144 -74
-148 -80
-124 -66
-120 -64
-116 -54
-120 -56
-100 -46
-108 -38
-112 -48
-132 -60
-140 -64
-124 -58
-116 -52
-124 -58
-100 -48
-116 -52
-116 -52
-140 -76
-132 -72
-172 -92
-160 -86
-168 -92
-168 -92
-128 -78
-124 -76
-144 -80
-144 -74
-152 -76
-160 -80
-148 -76
-140 -64
-148 -74
-140 -80
-124 -76
-140 -78
-144 -80
-168 -90
-184 -92
-168 -88
-172 -92
-168 -92
-128 -74
-120 -74
-140 -76
-164 -90
-176 -92
-156 -86
-136 -78
-124 -78
-124 -78
-116 -68
-128 -68
-140 -78
-140 -76
-160 -86
-156 -82
-140 -76
-160 -88
-164 -78
-152 -86
-180 -94
-156 -88
-136 -82
-160 -88
-156 -88
-136 -80
-156 -80
-144 -76
-148 -68
-128 -62
-136 -68
-120 -54
-124 -72
-152 -84
-184 -96
-168 -90
-172 -92
-156 -86
-176 -92
-164 -84
-180 -94
-168 -92
-192 -98
-172 -92
-168 -90
-160 -88
-168 -90
-172 -90
-164 -86
-160 -88
-192 -98
-164 -88
-156 -88
-160 -88
-132 -80
-140 -78
-152 -84
-180 -94
-172 -90
-140 -76
-176 -92
-176 -94
-192 -98
-156 -86
-176 -94
-176 -92
-192 -98
-172 -92
-176 -90
-144 -82
-136 -74
-128 -72
-124 -58
-116 -50
-100 -34
-112 -48
-144 -66
-132 -64
-112 -46
-108 -50
-128 -72
-144 -80
-136 -82
-140 -82
-148 -82
-148 -84
-148 -80
-140 -80
-172 -92
-176 -90
-156 -84
-164 -82
-156 -78
-140 -74
-164 -90
-156 -84
-164 -88
-160 -88
-192 -98
-176 -92
-168 -90
-164 -88
-160 -90
-160 -86
-172 -92
-168 -90
-164 -86
-136 -80
-168 -88
-128 -70
-148 -74
-116 -64
-104 -62
-132 -76
-168 -88
-172 -92
-168 -92
-172 -92
-148 -80
-176 -92
-148 -78
-144 -72
-148 -78
-140 -78
-144 -76
-144 -82
-172 -92
-152 -82
-148 -82
-148 -86
-168 -90
-164 -86
-156 -88
-160 -88
-184 -96
-176 -94
-160 -88
-164 -90
-200 -100
-192 -98
-156 -88
-164 -90
-152 -80
-180 -92
-180 -92
-172 -88
-176 -90
-184 -96
-176 -94
-192 -98
-184 -96
-184 -96
-184 -96
-160 -90
-160 -86
-132 -74
-136 -74
-132 -74
-108 -64
-132 -78
-180 -90
-188 -96
-164 -90
-168 -92
-136 -80
-168 -88
-168 -90
-168 -92
-148 -86
-172 -92
-168 -92
-168 -90
-160 -88
-168 -88
-184 -96
-168 -90
-168 -88
-168 -92
-148 -82
-172 -90
-168 -92
-168 -86
-148 -76
-148 -68
-160 -80
-144 -70
-120 -68
-96 -52
-112 -52
-100 -64
-128 -70
-140 -82
-120 -74
-168 -88
-156 -84
-148 -82
-148 -84
-132 -80
-156 -88
-176 -94
-140 -78
-120 -72
-120 -72
-144 -84
-164 -90
-132 -80
-160 -88
-168 -92
-176 -92
-148 -84
-104 -52
-124 -44
-108 -52
-92 -44
-84 -40
-92 -42
-76 -14
-120 -48
-112 -42
-132 -58
-140 -60
-132 -64
-136 -64
-112 -62
-132 -64
-128 -74
-108 -64
-116 -62
-140 -76
-168 -90
-164 -90
-176 -94
-172 -90
-140 -80
-144 -76
-116 -70
-140 -64
-144 -74
-136 -66
-160 -86
-140 -82
-160 -86
-156 -86
-160 -84
-172 -92
-176 -94
-164 -90
-180 -94
-144 -84
-152 -86
-160 -86
-176 -94
-160 -90
-176 -94
-168 -92
-184 -94
-184 -94
-176 -94
-160 -88
-168 -92
-184 -96
-168 -82
-160 -78
-152 -80
-136 -76
-128 -76
-144 -78
-156 -82
-128 -74
-148 -76
-152 -84
-160 -82
-168 -90
-156 -86
-164 -84
-176 -94
-168 -90
-144 -74
-108 -68
-152 -76
-132 -60
-124 -64
-132 -66
-148 -78
-140 -76
-136 -78
-160 -84
-128 -76
-124 -76
-148 -78
-148 -80
-152 -86
-192 -98
-172 -90
-184 -96
-176 -94
-148 -80
-152 -86
-156 -84
-156 -84
-156 -78
-140 -72
-148 -72
-156 -72
-160 -74
-140 -64
-148 -76
-152 -82
-192 -98
-160 -88
-152 -84
-128 -76
-140 -78
-136 -78
-156 -80
-148 -86
-148 -80
-156 -82
-152 -84
-172 -88
-168 -90
-172 -92
-184 -96
-160 -88
-136 -80
-136 -74
-160 -84
-144 -78
-144 -74
-160 -84
-160 -88
-160 -88
-156 -86
-176 -94
-148 -84
-148 -84
-136 -80
-144 -82
-156 -88
-144 -80
-140 -80
-148 -84
-144 -80
-152 -86
-180 -94
-180 -94
-172 -90
-180 -94
-176 -94
-136 -80
-144 -82
-120 -70
-128 -72
-104 -62
-132 -72
-152 -74
-124 -58
-120 -56
-140 -50
-108 -60
-148 -64
-116 -42
-156 -62
-144 -62
-136 -66
-108 -48
-112 -66
-100 -50
-120 -64
-128 -68
-132 -78
-148 -70
-148 -78
-168 -84
-152 -84
-128 -74
-152 -86
-160 -88
-172 -92
-164 -88
-160 -80
-156 -84
-140 -74
-136 -78
-140 -80
-156 -80
-156 -84
-132 -78
-148 -74
-144 -76
-128 -76
-156 -84
-144 -76
-140 -74
-120 -64
-136 -78
-160 -84
-160 -80
-132 -66
-136 -76
-152 -84
-164 -90
-176 -92
-184 -96
-180 -94
-176 -92
-112 -72
-152 -82
-148 -78
-140 -76
-152 -84
-156 -88
-152 -82
-164 -86
-168 -88
-184 -96
-172 -92
-176 -92
-148 -86
-152 -84
-156 -86
-192 -98
-164 -88
-168 -88
-140 -72
-120 -70
-100 -50
-132 -74
-140 -68
-124 -72
-92 -52
-120 -60
-112 -60
-152 -78
-144 -76
-160 -90
-168 -92
-156 -88
-176 -92
-176 -94
-172 -92
-152 -82
-148 -82
-132 -78
-144 -74
-140 -80
-140 -78
-152 -86
-136 -74
-144 -78
-160 -86
-144 -82
-148 -84
-116 -66
-140 -82
-180 -94
-160 -86
-172 -90
-140 -78
-148 -84
-144 -76
-148 -78
-120 -68
-140 -76
-148 -78
-144 -76
-164 -86
-176 -92
-160 -84
-168 -90
-164 -90
-164 -90
-184 -96
-192 -98
-176 -94
-168 -92
-160 -88
-160 -88
-192 -98
-180 -94
-152 -86
-172 -90
-164 -88
-152 -82
-144 -78
-136 -58
-156 -62
-132 -66
-140 -72
-156 -88
-144 -84
-172 -88
-160 -86
-152 -86
-168 -90
-156 -88
-172 -92
-168 -92
-156 -88
-152 -86
-160 -88
-164 -86
-156 -88
-172 -88
-160 -90
-148 -82
-164 -80
-184 -94
-192 -98
-176 -94
-184 -96
-164 -88
-156 -86
-120 -54
-100 -56
-120 -68
-132 -74
-120 -68
-112 -68
-124 -70
-128 -66
-136 -78
-160 -90
-176 -94
-172 -92
-152 -80
-140 -74
-140 -78
-108 -60
-100 -60
-96 -54
-92 -44
-128 -68
-116 -60
-116 -54
-108 -46
-124 -52
-140 -48
-112 -46
-124 -48
-128 -44
-104 -46
-92 -42
-88 -20
-88 0
-80 8
-92 0
-108 -10
-104 -14
-100 18
-108 16
-104 4
-124 22
-108 22
-88 0
-100 2
-116 -4
-112 -8
-112 -6
-108 -22
-104 -16
-100 0
-104 -12
-116 -22
-112 -24
-108 -24
-108 -10
-104 -22
-100 -32
-116 -36
-128 -48
-116 -62
-124 -62
-96 -52
-96 -66
-140 -78
-152 -84
-156 -88
-148 -84
-164 -90
-136 -82
-144 -84
-148 -80
-160 -86
-144 -72
-152 -74
-172 -90
-152 -80
-164 -86
-176 -92
-168 -92
-144 -82
-132 -76
-136 -82
-132 -74
-152 -78
-136 -66
-136 -76
-128 -66
-156 -80
-132 -74
-152 -74
-144 -80
-140 -74
-140 -80
-136 -80
-164 -88
-188 -96
-176 -92
-176 -92
-164 -90
-164 -88
-152 -82
-148 -78
-144 -76
-140 -78
-140 -74
-144 -76
-152 -80
-148 -70
-140 -64
-144 -74
-132 -74
-144 -82
-164 -90
-188 -96
-176 -94
-192 -98
-184 -96
-172 -92
-148 -84
-160 -88
-140 -80
-140 -78
-160 -82
-148 -84
-140 -80
-152 -84
-148 -82
-160 -86
-136 -76
-128 -72
-136 -76
-168 -84
-160 -82
-156 -78
-136 -82
-148 -82
-164 -90
-136 -68
-136 -64
-144 -68
-140 -76
-108 -48
-140 -72
-120 -58
-116 -54
-116 -52
-112 -56
-88 -50
-108 -60
-132 -58
-132 -52
-132 -52
-140 -56
-128 -52
-128 -58
-116 -50
-128 -44
-140 -62
-116 -56
-120 -44
-116 -58
-148 -76
-148 -64
-156 -76
-148 -80
-160 -88
-156 -88
-128 -74
-136 -80
-128 -74
-140 -76
-132 -74
-112 -66
-132 -78
-140 -78
-140 -76
-152 -84
-156 -88
-176 -92
-152 -84
-172 -90
-164 -88
-156 -80
-172 -88
-172 -92
-176 -92
-172 -90
-176 -92
-156 -88
-164 -90
-176 -92
-184 -94
-184 -94
-152 -86
-192 -98
-172 -90
-152 -86
-144 -78
-164 -84
-172 -88
-168 -90
-172 -88
-152 -86
-148 -86
-176 -94
-176 -94
-180 -94
-164 -88
-160 -88
-164 -86
-168 -90
-152 -86
-156 -88
-140 -80
-156 -84
-144 -80
-136 -74
-132 -74
-132 -78
-140 -82
-152 -80
-184 -94
-168 -92
-172 -92
-176 -94
-184 -96
-160 -86
-156 -82
-140 -74
-148 -80
-140 -74
-148 -66
-152 -78
-128 -78
-176 -94
-184 -96
-200 -100
-200 -100
-192 -98
-172 -90
-152 -86
-132 -76
-108 -70
-100 -60
-92 -52
-80 -26
-88 -36
-140 -60
-140 -62
-144 -64
-136 -60
-116 -56
-124 -52
-124 -70
-140 -76
-136 -70
-148 -82
-164 -82
-156 -82
-172 -92
-132 -72
-132 -74
-144 -82
-140 -80
-140 -80
-152 -84
-140 -80
-144 -82
-144 -84
-116 -72
-156 -84
-168 -92
-180 -94
-176 -94
-180 -94
-140 -78
-148 -84
-132 -78
-128 -76
-144 -80
-152 -86
-160 -90
-176 -94
-168 -90
-136 -78
-160 -88
-136 -80
-156 -88
-164 -88
-148 -78
-156 -78
-140 -64
-140 -60
-120 -52
-132 -58
-132 -64
-148 -68
-140 -70
-148 -64
-136 -64
-124 -70
-148 -86
-168 -90
-132 -78
-140 -82
-168 -88
-148 -82
-164 -90
-168 -92
-172 -92
-144 -82
-164 -88
-160 -86
-168 -86
-148 -84
-168 -90
-148 -82
-120 -64
-156 -82
-140 -80
-152 -84
-124 -76
-164 -86
-160 -88
-156 -84
-144 -80
-164 -88
-176 -94
-180 -94
-180 -94
-192 -98
-168 -92
-176 -94
-176 -94
-192 -98
-168 -92
-176 -92
-188 -96
-180 -94
-180 -94
-152 -86
-148 -80
-152 -78
-152 -84
-148 -82
-148 -78
-140 -68
-136 -74
-136 -78
-156 -86
-144 -82
-184 -94
-192 -98
-176 -94
-164 -90
-184 -96
-176 -92
-176 -94
-180 -94
-176 -92
-180 -94
-168 -92
-172 -90
-160 -84
-188 -96
-160 -84
-160 -84
-152 -84
-148 -82
-144 -82
-144 -84
-152 -88
-140 -82
-184 -96
-172 -92
-184 -96
-156 -84
-184 -92
-176 -92
-176 -94
-184 -96
-176 -94
-156 -84
-168 -86
-148 -78
-160 -82
-156 -80
-176 -92
-156 -86
-168 -90
-172 -92
-172 -90
-164 -86
-164 -86
-160 -88
-144 -78
-132 -80
-124 -74
-164 -86
-176 -92
-164 -86
-160 -88
-160 -90
-160 -90
-140 -82
-112 -62
-144 -84
-168 -92
-192 -98
-168 -92
-172 -92
-160 -86
-152 -84
-124 -66
-144 -74
-124 -72
-120 -72
-156 -86
-144 -84
-144 -86
-132 -78
-144 -80
-124 -66
-124 -60
-124 -60
-120 -54
-104 -48
-120 -44
-100 -38
-112 -46
-128 -64
-148 -64
-120 -46
-120 -44
-116 -54
-140 -72
-136 -72
-128 -70
-100 -60
-116 -64
-116 -60
-88 -52
-112 -52
-108 -56
-124 -68
-152 -84
-160 -86
-168 -92
-168 -88
-184 -94
-184 -96
-164 -90
-136 -80
-148 -82
-152 -76
-160 -86
-152 -84
-152 -86
-152 -82
-160 -84
-176 -94
-184 -94
-156 -86
-156 -84
-136 -76
-124 -66
-136 -72
-112 -58
-136 -66
-140 -72
-144 -76
-144 -80
-160 -86
-160 -84
-160 -84
-148 -78
-160 -82
-144 -70
-164 -88
-156 -82
-184 -96
-152 -82
-184 -96
-176 -94
-168 -90
-184 -96
-180 -94
-164 -90
-148 -86
-140 -80
-128 -78
-172 -92
-168 -88
-176 -92
-144 -82
-156 -86
-152 -88
-192 -98
-176 -94
-176 -94
-176 -90
-192 -98
-200 -100
-184 -96
-148 -86
-148 -86
-172 -90
-172 -92
-188 -96
-164 -86
-148 -82
-172 -88
-144 -78
-124 -68
-136 -76
-116 -64
-108 -54
-104 -54
-144 -70
-108 -50
-136 -64
-112 -50
-116 -48
-120 -54
-140 -62
-136 -56
-148 -62
-136 -64
-132 -68
-140 -76
-156 -82
-168 -82
-164 -82
-172 -88
-172 -88
-184 -96
-192 -98
-184 -96
-176 -94
-176 -94
-192 -98
-184 -94
-184 -96
-184 -96
-160 -80
-168 -76
-156 -74
-152 -82
-160 -82
-148 -84
-148 -84
-124 -72
-148 -82
-140 -82
-184 -96
-176 -94
-180 -94
-172 -92
-184 -96
-180 -94
-184 -94
-152 -84
-172 -92
-160 -88
-148 -86
-176 -92
-192 -98
-168 -90
-192 -98
-188 -96
-164 -90
-120 -76
-120 -68
-124 -76
-140 -82
-172 -92
-164 -84
-152 -82
-140 -68
-148 -68
-136 -68
-140 -74
-128 -74
-156 -82
-160 -86
-148 -80
-152 -80
-160 -82
-148 -80
-164 -84
-156 -84
-136 -82
-132 -78
-156 -86
-140 -80
-148 -82
-164 -88
-172 -92
-172 -92
-176 -94
-156 -86
-136 -78
-160 -82
-152 -82
-140 -84
-152 -80
-168 -92
-160 -90
-132 -70
-132 -72
-136 -76
-132 -76
-148 -82
-140 -80
-160 -88
-144 -84
-92 -52
-112 -64
-116 -60
-116 -58
-120 -66
-136 -64
-128 -60
-132 -54
-128 -50
-124 -50
-108 -28
-112 -32
-112 -58
-128 -70
-120 -66
-128 -52
-120 -46
-136 -68
-128 -72
-140 -72
-124 -58
-128 -70
-156 -84
-116 -72
-144 -78
-164 -88
-188 -96
-164 -90
-136 -78
-124 -68
-140 -68
-148 -82
-132 -68
-136 -64
-128 -68
-120 -58
-132 -54
-120 -46
-116 -56
-132 -58
-116 -52
-116 -60
-80 -22
-96 -30
-80 -24
-104 -38
-108 -44
-116 -44
-96 -40
-100 -50
-104 -52
-100 -52
-104 -54
-104 -50
-124 -48
-112 -58
-124 -70
-152 -78
-140 -74
-140 -76
-112 -68
-92 -56
-128 -68
-120 -58
-144 -76
-104 -58
-140 -78
-156 -84
-164 -90
-184 -96
-164 -88
-128 -78
-148 -82
-140 -80
-136 -74
-128 -74
-144 -82
-136 -80
-136 -68
-132 -72
-136 -78
-136 -72
-144 -78
-132 -62
-124 -60
-120 -72
-136 -74
-156 -82
-164 -80
-152 -86
-132 -78
-160 -88
-144 -84
-144 -82
-160 -88
-172 -92
-176 -90
-180 -92
-184 -96
-200 -100
-188 -96
-184 -96
-184 -96
-184 -96
-172 -88
-168 -86
-184 -96
-176 -94
-184 -96
-172 -92
-164 -90
-172 -92
-160 -88
-144 -76
-152 -86
-180 -94
-160 -86
-164 -88
-180 -94
-172 -92
-168 -86
-160 -84
-156 -88
-140 -80
-160 -88
-176 -92
-176 -90
-144 -78
-152 -74
-148 -80
-152 -78
-156 -88
-156 -76
-128 -70
-156 -86
-172 -88
-164 -86
-180 -94
-176 -92
-180 -94
-176 -92
-176 -94
-172 -92
-156 -86
-144 -80
-116 -56
-112 -46
-100 -48
-132 -60
-128 -50
-132 -58
-140 -64
-124 -62
-152 -80
-152 -84
-164 -90
-176 -94
-180 -94
-192 -98
-172 -92
-184 -96
-160 -86
-164 -88
-168 -90
-184 -96
-192 -98
-192 -98
-160 -88
-136 -78
-160 -88
-164 -90
-164 -88
-172 -92
-164 -90
-168 -92
-160 -86
-140 -82
-148 -78
-148 -82
-148 -80
-152 -80
-128 -68
-112 -54
-116 -62
-128 -48
-96 -44
-72 -30
-80 -32
-108 -26
-100 -24
-104 -10
-104 -12
-112 -34
-88 -42
-88 -46
-68 -42
-100 -42
-88 -42
-96 -40
-120 -50
-156 -56
-156 -64
-124 -50
-136 -46
-128 -54
-116 -48
-132 -66
-152 -80
-132 -74
-156 -82
-144 -74
-168 -88
-168 -92
-184 -96
-184 -96
-180 -94
-172 -90
-152 -82
-152 -84
-156 -82
-164 -88
-192 -98
-184 -96
-192 -98
-176 -94
-184 -96
-176 -92
-156 -86
-156 -86
-156 -86
-136 -70
-136 -66
-140 -72
-168 -84
-176 -92
-144 -78
-112 -52
-132 -62
-136 -66
-128 -62
-140 -58
-148 -62
-128 -64
-148 -72
-144 -66
-152 -68
-148 -64
-152 -66
-152 -70
-148 -76
-160 -86
-140 -82
-156 -88
-200 -100
-200 -100
-160 -88
-128 -74
-128 -74
-152 -80
-172 -92
-148 -84
-140 -76
-140 -68
-156 -86
-164 -90
-128 -72
-132 -68
-120 -70
-144 -80
-136 -80
-92 -50
-112 -52
-100 -54
-104 -42
-108 -46
-128 -58
-140 -64
-148 -82
-136 -78
-140 -74
-144 -76
-168 -88
-164 -88
-160 -88
-152 -82
-156 -86
-168 -88
-168 -90
-144 -84
-156 -88
-136 -78
-120 -66
-120 -76
-124 -74
-156 -82
-140 -72
-128 -78
-176 -92
-176 -92
-152 -84
-172 -92
-184 -94
-172 -92
-184 -96
-176 -92
-168 -92
-152 -80
-144 -70
-136 -68
-128 -74
-132 -78
-152 -84
-164 -90
-160 -88
-136 -82
-148 -84
-156 -88
-180 -94
-184 -96
-176 -92
-160 -86
-144 -74
-148 -80
-172 -92
-160 -82
-160 -86
-136 -80
-132 -80
-148 -82
-124 -68
-144 -82
-156 -78
-136 -76
-124 -70
-144 -80
-144 -82
-128 -74
-112 -66
-112 -62
-120 -52
-112 -62
-108 -56
-112 -52
-116 -54
-108 -50
-104 -52
-108 -58
-124 -48
-120 -42
-100 -30
-128 -48
-144 -54
-160 -64
-144 -64
-156 -78
-144 -84
-136 -76
-124 -68
-120 -78
-136 -78
-140 -70
-136 -76
-148 -84
-132 -80
-168 -92
-164 -88
-160 -86
-136 -80
-124 -74
-128 -78
-128 -76
-148 -78
-140 -72
-156 -74
-140 -76
-144 -84
-168 -90
-192 -98
-188 -96
-172 -92
-164 -88
-140 -78
-112 -72
-160 -88
-148 -86
-140 -80
-156 -80
-160 -80
-156 -86
-188 -96
-188 -96
-168 -92
-160 -90
-156 -84
-124 -76
-136 -76
-152 -80
-148 -74
-120 -68
-132 -72
-164 -88
-148 -80
-152 -80
-156 -68
-156 -74
-140 -80
-136 -76
-144 -76
-168 -86
-144 -84
-144 -82
-144 -80
-132 -76
-144 -80
-136 -72
-140 -74
-136 -72
-132 -70
-124 -72
-100 -58
-128 -72
-112 -68
-124 -74
-152 -74
-148 -80
-148 -78
-140 -80
-140 -80
-124 -70
-124 -64
-92 -56
-60 -46
-116 -62
-132 -70
-136 -74
-144 -72
-128 -62
-140 -70
-148 -78
-156 -86
-176 -94
-168 -92
-152 -82
-156 -82
-148 -80
-164 -90
-164 -90
-180 -94
-164 -86
-164 -82
-140 -72
-164 -86
-168 -88
-164 -90
-128 -76
-132 -78
-132 -76
-156 -80
-160 -76
-164 -78
-152 -78
-152 -78
-160 -82
-164 -86
-168 -88
-168 -90
-160 -86
-176 -94
-148 -80
-144 -74
-164 -82
-152 -82
-160 -90
-176 -94
-184 -96
-188 -96
-128 -78
-112 -68
-152 -68
-152 -70
-136 -74
-128 -58
-152 -72
-140 -80
-144 -82
-160 -86
-176 -94
-172 -86
-164 -82
-172 -84
-164 -84
-144 -74
-148 -84
-144 -76
-140 -78
-128 -76
-144 -72
-140 -80
-164 -86
-156 -78
-148 -84
-160 -88
-152 -82
-140 -68
-132 -58
-112 -54
-144 -74
-100 -62
-116 -52
-100 -48
-132 -68
-144 -64
-140 -68
-140 -70
-144 -78
-148 -84
-164 -90
-172 -92
-176 -88
-168 -90
-168 -88
-152 -84
-148 -78
-152 -82
-148 -80
-160 -86
-144 -80
-136 -74
-172 -82
-144 -76
-124 -66
-120 -62
-136 -68
-120 -66
-124 -38
-132 -38
-120 -26
-108 -16
-116 -20
-116 -38
-108 -46
-108 -32
-112 -56
-132 -74
-148 -84
-152 -84
-152 -86
-156 -86
-156 -88
-176 -92
-168 -90
-172 -92
-160 -90
-200 -100
-172 -92
-168 -92
-160 -90
-184 -96
-176 -92
-168 -90
-184 -96
-184 -96
-160 -88
-184 -96
-184 -96
-168 -92
-148 -86
-156 -86
-152 -86
-168 -92
-156 -84
-172 -92
-168 -90
-184 -96
-168 -92
-200 -100
-184 -96
-180 -94
-168 -92
-148 -82
-152 -76
-152 -70
-120 -60
-96 -50
-116 -50
-96 -60
-92 -54
-124 -74
-124 -60
-136 -64
-144 -68
-156 -78
-144 -62
-124 -54
-104 -40
-92 -32
-100 -50
-108 -46
-128 -56
-144 -74
-152 -84
-176 -94
-176 -94
-176 -94
-192 -98
-192 -98
-184 -94
-184 -94
-176 -92
-160 -90
-152 -86
-168 -92
-156 -86
-156 -84
-156 -80
-164 -90
-156 -88
-180 -94
-144 -84
-164 -90
-176 -94
-164 -90
-192 -98
-176 -94
-192 -98
-180 -94
-180 -94
-156 -88
-160 -88
-168 -86
-152 -84
-176 -92
-176 -88
-180 -92
-156 -86
-152 -86
-168 -92
-152 -86
-120 -74
-120 -66
-124 -70
-152 -82
-152 -78
-148 -74
-160 -86
-148 -84
-156 -86
-148 -74
-140 -70
-160 -76
-124 -72
-120 -76
-132 -76
-128 -74
-144 -82
-144 -84
-128 -74
-144 -84
-148 -84
-132 -76
-148 -84
-120 -78
-148 -82
-136 -66
-132 -70
-140 -80
-140 -76
-108 -60
-120 -62
-136 -72
-128 -70
-156 -76
-132 -68
-148 -58
-148 -52
-156 -54
-144 -66
-148 -68
-152 -60
-160 -70
-152 -72
-148 -76
-152 -80
-164 -88
-160 -90
-156 -82
-160 -88
-156 -88
-168 -90
-160 -88
-176 -94
-156 -88
-172 -92
-156 -86
-168 -92
-172 -92
-172 -92
-144 -84
-136 -82
-156 -86
-148 -86
-128 -72
-152 -80
-176 -94
-184 -96
-184 -96
-200 -100
-184 -96
-176 -94
-172 -90
-168 -86
-164 -90
-156 -86
-136 -82
-132 -78
-132 -80
-152 -84
-148 -86
-164 -82
-156 -80
-156 -84
-176 -94
-176 -94
-164 -90
-176 -90
-160 -80
-140 -70
-136 -70
-132 -62
-96 -44
-100 -30
-132 -42
-120 -50
-144 -70
-132 -72
-124 -66
-132 -60
-140 -74
-124 -72
-128 -56
-116 -48
-132 -66
-144 -70
-148 -70
-100 -46
-108 -48
-124 -48
-132 -78
-136 -72
-156 -88
-136 -78
-164 -90
-172 -92
-156 -84
-168 -88
-176 -92
-160 -86
-168 -90
-172 -92
-160 -82
-168 -86
-136 -76
-124 -76
-148 -84
-144 -80
-156 -88
-184 -96
-176 -94
-192 -98
-192 -98
-200 -100
-176 -94
-176 -92
-176 -94
-192 -98
-140 -82
-160 -84
-144 -82
-132 -78
-160 -82
-124 -74
-148 -84
-168 -92
-156 -86
-176 -94
-168 -92
-148 -82
-132 -74
-136 -74
-140 -80
-148 -82
-148 -80
-172 -92
-160 -90
-160 -84
-156 -84
-168 -88
-176 -92
-164 -90
-140 -80
-120 -70
-108 -56
-136 -60
-120 -54
-108 -44
-112 -36
-108 -24
-124 -24
-124 -14
-120 6
-112 6
-92 6
-116 8
-96 2
-72 -26
-76 -36
-52 -18
-100 -36
-96 -52
-128 -68
-140 -78
-168 -90
-136 -78
-160 -84
-184 -94
-172 -92
-176 -94
-184 -96
-172 -92
-192 -98
-192 -98
-180 -94
-192 -98
-192 -98
-160 -88
-160 -82
-164 -86
-148 -72
-136 -72
-148 -84
-164 -90
-180 -94
-176 -92
-180 -94
-148 -84
-152 -84
-140 -80
-168 -92
-124 -70
-140 -64
-136 -72
-164 -88
-176 -90
-160 -88
-160 -86
-168 -92
-160 -88
-160 -88
-152 -86
-168 -92
-180 -94
-148 -86
-164 -86
-152 -88
-160 -90
-188 -96
-188 -96
-184 -94
-192 -98
-184 -94
-180 -94
-176 -92
-184 -96
-148 -86
-152 -80
-164 -84
-156 -86
-136 -80
-148 -82
-116 -68
-124 -72
-112 -60
-136 -72
-144 -70
-152 -82
-152 -88
-160 -88
-148 -82
-152 -78
-140 -70
-128 -70
-160 -84
-136 -78
-148 -80
-176 -92
-168 -92
-152 -88
-160 -88
-160 -80
-156 -76
-160 -84
-136 -78
-188 -96
-180 -94
-176 -92
-168 -92
-184 -96
-184 -96
-176 -94
-192 -98
-188 -96
-168 -90
-144 -84
-160 -90
-164 -90
-180 -94
-192 -98
-176 -94
-160 -88
-168 -92
-176 -94
-132 -80
-120 -64
-164 -78
-148 -74
-128 -70
-136 -74
-140 -76
-120 -76
-176 -94
-152 -84
-168 -88
-144 -72
-136 -70
-124 -58
-116 -52
-128 -64
-120 -60
-108 -46
-116 -58
-92 -54
-88 -46
-92 -60
-120 -68
-140 -66
-132 -60
-124 -50
-124 -56
-116 -54
-108 -50
-92 -60
-124 -66
-128 -74
-148 -82
-132 -74
-160 -88
-168 -92
-152 -84
-156 -82
-172 -90
-128 -78
-148 -80
-140 -78
-140 -68
-128 -60
-124 -74
-144 -80
-160 -88
-172 -92
-164 -84
-152 -82
-168 -92
-172 -92
-164 -90
-168 -92
-168 -90
-192 -98
-172 -92
-180 -94
-168 -88
-144 -82
-144 -80
-164 -88
-140 -74
-148 -78
-144 -76
-156 -68
-144 -66
-124 -62
-132 -54
-140 -74
-148 -82
-156 -86
-156 -80
-144 -80
-156 -72
-156 -80
-172 -92
-164 -88
-168 -90
-152 -88
-136 -80
-136 -80
-148 -84
-160 -86
-156 -86
-164 -88
-152 -88
-144 -84
-164 -90
-160 -86
-160 -86
-152 -84
-164 -88
-160 -88
-164 -90
-160 -90
-156 -88
-156 -84
-124 -76
-148 -80
-164 -88
-168 -88
-156 -88
-156 -88
-164 -90
-184 -96
-192 -98
-184 -96
-160 -88
-180 -90
-164 -88
-164 -90
-176 -94
-152 -82
-148 -82
-116 -76
-108 -66
-120 -60
-140 -74
-148 -68
-148 -72
-152 -76
-128 -70
-156 -88
-148 -78
-156 -84
-124 -68
-140 -74
-120 -54
-124 -64
-144 -70
-132 -76
-136 -74
-128 -74
-156 -84
-132 -80
-140 -82
-140 -74
-128 -74
-124 -74
-164 -88
-156 -86
-140 -80
-132 -80
-124 -76
-168 -90
-200 -100
-192 -98
-180 -92
-168 -90
-152 -84
-148 -86
-140 -78
-140 -72
-152 -86
-148 -84
-160 -84
-152 -84
-140 -84
-160 -88
-152 -80
-152 -84
-164 -90
-184 -96
-192 -98
-180 -94
-180 -94
-148 -84
-144 -80
-164 -88
-156 -84
-176 -94
-164 -90
-168 -92
-180 -94
-168 -92
-192 -98
-184 -94
-172 -92
-156 -86
-132 -80
-144 -82
-148 -84
-140 -78
-152 -80
-156 -84
-152 -80
-140 -76
-140 -82
-144 -76
-128 -72
-140 -80
-148 -82
-164 -84
-148 -78
-140 -78
-144 -78
-132 -76
-160 -88
-164 -84
-160 -84
-148 -86
-152 -82
-144 -84
-140 -84
-140 -78
-156 -82
-152 -80
-156 -86
-160 -88
-144 -84
-140 -78
-124 -70
-132 -62
-148 -68
-148 -70
-132 -68
-148 -74
-120 -60
-108 -72
-156 -80
-96 -58
-116 -68
-120 -72
-144 -82
-144 -84
-192 -98
-200 -100
-200 -100
-180 -94
-192 -98
-156 -88
-156 -86
-168 -92
-180 -94
-176 -94
-200 -100
-192 -98
-160 -90
-164 -88
-168 -92
-164 -90
-156 -88
-164 -90
-164 -90
-176 -94
-152 -88
-148 -84
-148 -84
-132 -70
-136 -76
-148 -86
-144 -80
-168 -86
-160 -88
-180 -94
-168 -92
-172 -92
-200 -100
-156 -88
-128 -70
-136 -64
-140 -74
-132 -68
-116 -66
-116 -54
-112 -52
-108 -56
-108 -52
-148 -78
-156 -70
-140 -72
-152 -82
-136 -76
-160 -88
-148 -86
-176 -92
-180 -94
-172 -92
-180 -94
-160 -86
-140 -82
-128 -74
-112 -44
-128 -48
-108 -58
-108 -52
-104 -50
-108 -64
-136 -76
-160 -80
-164 -88
-176 -92
-152 -86
-144 -80
-156 -80
-156 -86
-184 -96
-168 -88
-172 -92
-160 -80
-172 -90
-144 -80
-136 -80
-168 -92
-172 -92
-176 -94
-168 -92
-160 -84
-152 -88
-168 -92
-172 -92
-176 -94
-168 -90
-144 -80
-144 -84
-144 -84
-144 -78
-148 -70
-140 -76
-108 -64
-136 -68
-140 -72
-152 -86
-152 -84
-148 -84
-152 -86
-144 -84
-152 -86
-148 -80
-120 -72
-136 -80
-136 -78
-168 -88
-144 -82
-152 -84
-176 -94
-180 -94
-168 -90
-188 -96
-180 -94
-176 -94
-192 -98
-184 -96
-180 -94
-156 -86
-180 -94
-160 -90
-164 -90
-152 -84
-144 -80
-144 -78
-152 -86
-156 -88
-168 -90
-160 -90
-164 -90
-140 -70
-140 -72
-140 -80
-148 -82
-164 -86
-168 -86
-140 -80
-128 -62
-116 -70
-156 -78
-160 -88
-184 -96
-164 -90
-144 -84
-132 -72
-120 -64
-136 -66
-164 -80
-160 -80
-184 -96
-176 -92
-168 -88
-160 -84
-156 -86
-132 -80
-132 -78
-148 -78
-156 -80
-160 -82
-176 -94
-172 -92
-152 -84
-160 -84
-140 -78
-128 -76
-168 -88
-200 -100
-184 -96
-200 -100
-164 -88
-152 -86
-156 -86
-152 -82
-148 -82
-144 -78
-120 -66
-104 -60
-108 -64
-124 -64
-132 -78
-144 -84
-172 -90
-176 -92
-184 -96
-164 -88
-156 -86
-144 -82
-172 -92
-192 -98
-192 -98
-192 -98
-168 -90
-152 -86
-164 -90
-168 -92
-152 -84
-136 -72
-144 -78
-152 -78
-188 -96
-168 -88
-164 -90
-148 -80
-144 -78
-184 -96
-172 -92
-188 -96
-172 -92
-140 -78
-140 -74
-148 -82
-136 -74
-136 -74
-136 -54
-148 -58
-144 -72
-112 -52
-116 -50
-96 -46
-120 -36
-124 -48
-120 -58
-96 -44
-76 -46
-108 -60
-116 -72
-128 -76
-136 -72
-124 -60
-124 -72
-148 -80
-140 -82
-148 -84
-152 -86
-160 -88
-156 -88
-176 -94
-164 -90
-148 -84
-172 -90
-164 -86
-140 -70
-160 -82
-144 -76
-152 -82
-160 -86
-136 -74
-144 -80
-156 -88
-120 -78
-164 -90
-160 -88
-168 -90
-176 -94
-192 -98
-168 -92
-200 -100
-192 -98
-180 -94
-172 -88
-168 -92
-192 -98
-172 -92
-192 -98
-192 -98
-176 -94
-160 -90
-148 -86
-168 -88
-160 -88
-184 -94
-184 -96
-140 -82
-136 -72
-128 -62
-124 -66
-148 -78
-152 -68
-132 -64
-132 -70
-144 -78
-140 -82
-148 -82
-152 -82
-128 -72
-152 -82
-152 -80
-164 -88
-176 -92
-188 -96
-192 -98
-168 -92
-160 -90
-176 -92
-192 -98
-192 -98
-180 -94
-192 -98
-168 -92
-184 -96
-152 -86
-152 -84
-120 -74
-168 -88
-140 -82
-164 -84
-128 -76
-124 -78
-148 -78
-184 -96
-184 -96
-184 -96
-188 -96
-168 -92
-128 -70
-116 -68
-128 -56
-128 -70
-148 -72
-140 -74
-148 -80
-144 -72
-164 -90
-140 -80
-144 -82
-164 -88
-160 -88
-160 -88
-184 -94
-200 -100
-184 -96
-192 -98
-156 -84
-160 -88
-152 -88
-164 -90
-164 -88
-160 -88
-144 -80
-120 -68
-100 -56
-80 -42
-100 -62
-120 -76
-120 -68
-124 -72
-136 -76
-132 -80
-136 -70
-132 -72
-128 -70
-128 -70
-124 -62
-124 -64
-144 -80
-156 -86
-140 -76
-172 -90
-152 -84
-144 -82
-148 -82
-144 -70
-140 -72
-156 -76
-164 -86
-164 -86
-176 -94
-176 -92
-156 -86
-128 -72
-144 -82
-156 -88
-128 -78
-152 -84
-156 -86
-176 -94
-172 -92
-168 -92
-156 -84
-144 -82
-156 -78
-144 -84
-168 -90
-152 -84
-160 -86
-172 -90
-164 -88
-168 -92
-172 -92
-192 -98
-176 -94
-184 -96
-164 -88
-168 -86
-140 -82
-132 -76
-148 -84
-120 -70
-152 -80
-160 -82
-168 -88
-172 -92
-192 -98
-200 -100
-200 -100
-156 -88
-152 -82
-152 -82
-148 -80
-172 -86
-180 -92
-156 -82
-100 -64
-116 -66
-132 -74
-100 -64
-112 -68
-144 -82
-152 -84
-168 -90
-172 -92
-172 -90
-136 -74
-164 -88
-144 -82
-152 -84
-156 -86
-152 -84
-136 -78
-136 -80
-156 -86
-164 -88
-160 -84
-176 -92
-172 -92
-164 -90
-152 -82
-168 -86
-168 -92
-164 -90
-128 -74
-112 -70
-144 -78
-160 -90
-164 -82
-156 -82
-148 -76
-164 -84
-168 -88
-152 -86
-148 -84
-152 -88
-140 -84
-136 -78
-140 -82
-152 -84
-156 -80
-160 -86
-156 -88
-164 -90
-184 -96
-164 -90
-156 -84
-116 -70
-132 -74
-120 -60
-128 -62
-136 -66
-128 -52
-152 -74
-152 -72
-132 -72
-148 -76
-156 -84
-160 -80
-140 -68
-140 -66
-144 -66
-136 -68
-152 -78
-156 -76
-152 -78
-160 -84
-160 -82
-148 -78
-156 -86
-148 -86
-148 -84
-160 -86
-160 -86
-144 -76
-116 -66
-144 -80
-148 -84
-144 -84
-148 -78
-156 -78
-156 -76
-156 -86
-168 -90
-164 -90
-184 -96
-192 -98
-200 -100
-180 -94
-180 -94
-180 -94
-188 -96
-180 -94
-184 -96
-164 -88
-164 -90
-164 -90
-180 -94
-144 -78
-140 -78
-108 -58
-96 -38
-108 -30
-92 -42
-100 -20
-84 -26
-92 -44
-96 -44
-132 -74
-124 -56
-124 -58
-136 -62
-140 -66
-124 -64
-136 -78
-160 -90
-172 -90
-176 -94
-184 -96
-184 -96
-176 -94
-192 -98
-176 -94
-168 -92
-176 -94
-192 -98
-176 -94
-160 -88
-144 -82
-156 -88
-172 -92
-160 -88
-160 -84
-156 -88
-152 -80
-152 -82
-148 -80
-156 -88
-152 -86
-152 -88
-148 -84
-160 -86
-160 -82
-156 -84
-144 -80
-144 -70
-108 -58
-108 -58
-104 -60
-116 -64
-100 -68
-136 -72
-104 -56
-100 -46
-112 -50
-120 -46
-88 -38
-80 -26
-108 -38
-112 -38
-116 -44
-120 -42
-112 -30
-112 -32
-120 -30
-120 -26
-112 -24
-120 -36
-112 -28
-108 -26
-96 -24
-112 -38
-112 -46
-104 -22
-108 -32
-116 -12
-120 -14
-112 -26
-100 -26
-112 -50
-132 -74
-124 -68
-124 -66
-152 -86
-148 -82
-144 -80
-156 -82
-148 -80
-152 -88
-148 -84
-140 -80
-128 -74
-152 -86
-148 -78
-160 -88
-180 -94
-176 -94
-176 -94
-140 -82
-168 -90
-188 -96
-172 -90
-192 -98
-148 -82
-176 -94
-164 -90
-164 -86
-124 -80
-156 -88
-140 -82
-172 -92
-176 -92
-176 -94
-164 -88
-132 -74
-116 -66
-144 -74
-136 -74
-148 -82
-152 -76
-160 -72
-144 -62
-136 -68
-136 -70
-140 -72
-148 -78
-160 -82
-176 -92
-176 -94
-168 -92
-156 -86
-152 -82
-148 -76
-164 -88
-140 -78
-140 -72
-128 -58
-104 -56
-112 -56
-128 -72
-136 -78
-108 -58
-136 -68
-112 -58
-80 -44
-100 -36
-132 -50
-124 -38
-120 -40
-116 -44
-108 -42
-104 -14
-116 -30
-116 -60
-144 -80
-144 -82
-132 -74
-140 -74
-164 -84
-176 -86
-192 -98
-168 -92
-176 -94
-168 -92
-156 -84
-164 -86
-168 -88
-152 -74
-152 -76
-168 -82
-148 -78
-160 -88
-168 -92
-136 -82
-140 -80
-128 -76
-136 -78
-128 -72
-148 -82
-144 -76
-148 -84
-140 -84
-136 -78
-160 -80
-148 -76
-168 -90
-176 -94
-168 -92
-148 -82
-152 -86
-184 -96
-168 -92
-176 -92
-172 -92
-184 -96
-172 -90
-160 -88
-152 -76
-144 -74
-148 -72
-112 -62
-116 -60
-144 -72
-136 -66
-116 -60
-108 -64
-132 -68
-128 -62
-124 -54
-140 -68
-108 -66
-132 -58
-108 -56
-152 -70
-144 -70
-148 -70
-140 -74
-128 -70
-124 -72
-144 -76
-124 -64
-120 -54
-136 -54
-148 -56
-144 -52
-116 -44
-108 -34
-116 -32
-124 -24
-104 -18
-100 -24
-104 -30
-128 -50
-92 -48
-96 -62
-132 -66
-152 -84
-168 -92
-156 -82
-176 -94
-192 -98
-160 -88
-156 -88
-136 -80
-108 -58
-100 -44
-108 -50
-128 -38
-116 -42
-124 -52
-120 -46
-120 -58
-116 -58
-152 -84
-132 -68
-132 -64
-120 -76
-128 -74
-124 -74
-144 -84
-172 -88
-176 -92
-176 -94
-176 -94
-184 -94
-160 -84
-164 -86
-132 -76
-116 -60
-112 -70
-144 -82
-120 -72
-124 -66
-148 -72
-148 -68
-128 -68
-132 -62
-112 -56
-128 -54
-136 -52
-136 -46
-124 -54
-84 -44
-120 -38
-100 -30
-100 -34
-116 -38
-136 -38
-140 -58
-136 -56
-128 -50
-124 -48
-132 -56
-132 -62
-128 -60
-140 -62
-156 -72
-140 -64
-152 -68
-132 -70
-124 -74
-156 -80
-140 -78
-160 -82
-172 -86
-156 -88
-176 -94
-164 -88
-160 -88
-160 -90
-164 -90
-148 -80
-164 -90
-180 -94
-172 -90
-164 -90
-180 -94
-160 -86
-168 -92
-144 -84
-168 -92
-160 -88
-136 -78
-116 -72
-120 -70
-160 -86
-144 -80
-156 -80
-160 -86
-164 -90
-168 -90
-156 -88
-176 -94
-136 -76
-140 -64
-164 -70
-156 -74
-128 -58
-132 -66
-128 -62
-136 -78
-132 -74
-180 -94
-172 -92
-184 -96
-148 -86
-140 -78
-116 -64
-124 -64
-112 -52
-104 -48
-84 -44
-84 -46
-76 -22
-76 -30
-100 -32
-72 -12
-100 -8
-124 -14
-96 -22
-124 -22
-108 -32
-116 -18
-112 -24
-116 -18
-112 -24
-116 -36
-124 -40
-116 -36
-132 -40
-124 -52
-112 -44
-124 -42
-136 -46
-116 -32
-116 -24
-116 -26
-136 -22
-128 -30
-124 -24
-124 -32
-112 -24
-116 -14
-124 -20
-112 -10
-96 -24
-96 -28
-100 -42
-112 -46
-128 -60
-128 -62
-108 -56
-140 -62
-148 -66
-140 -58
-152 -66
-128 -52
-128 -48
-120 -52
-136 -74
-116 -64
-116 -64
-120 -62
-144 -82
-152 -82
-168 -88
-176 -94
-184 -96
-192 -98
-152 -86
-172 -90
-164 -88
-176 -92
-184 -96
-156 -86
-184 -96
-164 -90
-156 -86
-164 -90
-152 -84
-172 -90
-176 -94
-176 -94
-180 -94
-192 -98
-200 -100
-164 -86
-176 -94
-188 -96
-176 -94
-172 -92
-152 -84
-144 -82
-168 -90
-168 -86
-176 -92
-156 -86
-128 -76
-144 -78
-140 -74
-164 -88
-148 -86
-148 -84
-176 -94
-148 -84
-164 -88
-156 -86
-192 -98
-200 -100
-200 -100
-176 -94
-184 -96
-184 -96
-180 -94
-144 -84
-152 -82
-152 -82
-144 -72
-160 -88
-156 -86
-128 -72
-128 -78
-140 -74
-120 -58
-136 -58
-128 -70
-152 -82
-140 -78
-156 -88
-168 -90
-160 -90
-164 -90
-164 -90
-176 -92
-180 -94
-164 -84
-156 -86
-200 -100
-156 -88
-168 -90
-192 -98
-176 -94
-192 -98
-184 -94
-192 -98
-176 -94
-176 -94
-172 -92
-184 -96
-192 -98
-184 -96
-180 -94
-160 -84
-172 -92
-172 -92
-184 -94
-156 -82
-144 -84
-164 -88
-164 -88
-164 -86
-188 -96
-164 -86
-148 -80
-136 -76
-144 -82
-124 -66
-100 -52
-120 -52
-116 -52
-92 -44
-108 -44
-100 -32
-92 -52
-112 -64
-132 -74
-148 -74
-152 -76
-136 -76
-144 -84
-176 -88
-172 -92
-156 -84
-140 -82
-132 -78
-144 -82
-132 -80
-160 -88
-168 -90
-188 -96
-192 -98
-180 -94
-160 -88
-168 -90
-156 -88
-148 -78
-136 -78
-144 -84
-132 -76
-136 -80
-136 -78
-152 -86
-172 -90
-136 -80
-156 -84
-132 -80
-116 -70
-140 -82
-120 -72
-160 -90
-156 -88
-144 -82
-152 -82
-140 -82
-160 -78
-148 -60
-132 -54
-128 -62
-132 -78
-132 -72
-144 -76
-100 -62
-132 -72
-160 -82
-104 -64
-164 -86
-152 -86
-156 -88
-128 -74
-132 -80
-144 -82
-168 -92
-172 -92
-168 -90
-164 -90
-188 -96
-184 -96
-192 -98
-184 -96
-172 -92
-160 -88
-132 -78
-148 -80
-172 -92
-164 -90
-156 -86
-164 -90
-192 -98
-184 -96
-192 -98
-180 -94
-172 -90
-172 -92
-192 -98
-192 -98
-184 -96
-176 -88
-164 -86
-156 -84
-160 -88
-140 -80
-172 -92
-152 -86
-172 -92
-168 -92
-184 -96
-172 -92
-192 -98
-200 -100
-132 -72
-116 -60
-104 -58
-128 -68
-132 -78
-136 -76
-172 -92
-164 -90
-160 -90
-176 -94
-164 -90
-144 -86
-152 -86
-168 -92
-164 -82
-160 -82
-156 -86
-160 -88
-172 -92
-148 -80
-164 -88
-164 -90
-172 -92
-192 -98
-168 -90
-180 -94
-160 -88
-144 -84
-148 -84
-164 -90
-192 -98
-140 -82
-144 -86
-172 -92
-136 -80
-140 -76
-124 -68
-132 -78
-156 -88
-132 -80
-156 -86
-160 -88
-184 -96
-160 -86
-172 -92
-176 -92
-156 -86
-168 -92
-188 -96
-176 -90
-184 -96
-184 -96
-156 -84
-172 -90
-132 -74
-160 -88
-124 -72
-144 -80
-184 -96
-164 -88
-180 -92
-168 -86
-168 -90
-144 -78
-164 -86
-136 -72
-160 -86
-144 -84
-180 -94
-172 -92
-172 -92
-184 -96
-184 -96
-184 -96
-184 -96
-180 -94
-168 -90
-164 -88
-184 -96
-148 -80
-156 -88
-152 -82
-176 -94
-184 -96
-192 -98
-176 -94
-180 -94
-156 -84
-168 -88
-184 -96
-164 -90
-152 -86
-160 -84
-164 -86
-156 -88
-176 -94
-136 -74
-152 -78
-168 -86
-136 -78
-172 -90
-180 -92
-160 -88
-148 -86
-132 -72
-120 -60
-144 -74
-156 -84
-144 -78
-116 -70
-132 -72
-152 -80
-160 -90
-160 -88
-148 -84
-140 -76
-140 -80
-112 -60
-120 -60
-124 -68
-132 -76
-128 -66
-124 -60
-112 -56
-124 -60
-128 -56
-132 -62
-140 -66
-136 -60
-132 -62
-132 -56
-108 -48
-112 -50
-120 -34
-132 -40
-108 -34
-112 -34
-124 -44
-116 -40
-124 -60
-120 -64
-124 -62
-116 -58
-124 -70
-148 -78
-148 -76
-152 -70
-156 -66
-140 -62
-128 -54
-140 -54
-136 -56
-116 -48
-128 -56
-108 -54
-128 -66
-136 -78
-132 -76
-132 -76
-140 -76
-152 -74
-132 -74
-156 -84
-140 -82
-152 -86
-136 -82
-148 -78
-168 -84
-168 -90
-180 -94
-168 -90
-168 -92
-192 -98
-180 -94
-152 -80
-132 -76
-124 -64
-128 -60
-124 -62
-120 -58
-116 -64
-124 -70
-152 -78
-164 -82
-168 -76
-164 -80
-140 -76
-124 -68
-136 -72
-168 -90
-152 -82
-120 -68
-140 -78
-152 -82
-176 -92
-180 -94
-164 -88
-172 -84
-156 -82
-156 -80
-148 -84
-176 -92
-184 -96
-168 -92
-156 -88
-152 -88
-136 -78
-136 -78
-148 -72
-156 -76
-140 -78
-124 -72
-156 -82
-152 -70
-124 -72
-116 -68
-164 -84
-152 -80
-148 -78
-148 -70
-164 -76
-148 -72
-132 -64
-148 -82
-140 -76
-128 -68
-124 -66
-104 -56
-104 -50
-124 -70
-144 -82
-156 -84
-188 -96
-168 -90
-168 -90
-132 -78
-124 -74
-124 -70
-116 -68
-128 -76
-144 -84
-128 -78
-144 -78
-144 -72
-124 -70
-148 -72
-152 -76
-152 -76
-128 -72
-164 -88
-168 -92
-156 -88
-140 -80
-148 -70
-140 -68
-168 -88
-168 -82
-172 -86
-148 -80
-132 -74
-160 -78
-156 -80
-168 -86
-140 -80
-160 -84
-172 -88
-176 -92
-148 -82
-128 -78
-140 -82
-156 -84
-156 -86
-164 -90
-152 -84
-144 -76
-144 -74
-160 -80
-140 -66
-136 -64
-104 -46
-92 -30
-112 -40
-104 -36
-108 -42
-120 -42
-144 -68
-152 -80
-144 -78
-148 -78
-140 -72
-136 -68
-124 -68
-136 -66
-112 -64
-148 -80
-136 -76
-168 -92
-156 -88
-124 -74
-172 -90
-144 -82
-156 -86
-148 -84
-140 -74
-164 -88
-184 -96
-200 -100
-168 -92
-168 -88
-160 -90
-140 -80
-112 -60
-96 -62
-128 -76
-152 -82
-140 -80
-176 -94
-176 -86
-156 -86
-152 -80
-140 -80
-136 -78
-176 -94
-176 -92
-168 -88
-168 -92
-168 -90
-172 -90
-176 -92
-160 -88
-180 -94
-144 -78
-132 -70
-132 -68
-116 -68
-104 -50
-112 -44
-100 -50
-92 -64
-104 -58
-128 -64
-132 -74
-124 -76
-172 -92
-184 -94
-192 -98
-200 -100
-168 -92
-180 -94
-160 -88
-168 -92
-184 -96
-188 -96
-156 -88
-180 -94
-168 -86
-164 -88
-168 -92
-168 -90
-160 -86
-144 -74
-124 -60
-108 -40
-96 -38
-128 -60
-108 -56
-132 -76
-144 -86
-136 -80
-128 -78
-124 -76
-140 -82
-180 -94
-168 -88
-168 -92
-160 -88
-172 -92
-168 -90
-176 -94
-160 -84
-132 -72
-128 -66
-128 -70
-132 -66
-124 -64
-164 -80
-136 -72
-168 -88
-156 -86
-132 -82
-156 -84
-144 -80
-140 -74
-128 -70
-156 -80
-144 -82
-164 -90
-172 -86
-160 -84
-140 -78
-112 -70
-120 -70
-152 -82
-144 -76
-124 -64
-160 -80
-144 -80
-160 -86
-168 -84
-160 -80
-140 -80
-156 -86
-164 -88
-160 -88
-156 -88
-160 -88
-160 -88
-184 -96
-192 -98
-172 -92
-160 -86
-156 -88
-168 -86
-176 -94
-152 -88
-164 -88
-156 -82
-152 -84
-160 -84
-128 -74
-132 -76
-164 -88
-160 -76
-120 -66
-104 -56
-132 -66
-168 -92
-172 -92
-180 -94
-192 -98
-180 -94
-180 -92
-192 -98
-180 -94
-184 -96
-184 -96
-172 -92
-164 -88
-180 -94
-172 -92
-144 -82
-184 -92
-176 -92
-160 -82
-160 -88
-164 -86
-152 -86
-160 -88
-164 -90
-172 -90
-148 -86
-164 -90
-184 -96
-184 -96
-160 -86
-168 -92
-180 -94
-180 -94
-164 -88
-180 -92
-152 -84
-152 -84
-120 -62
-120 -68
-156 -84
-152 -84
-152 -82
-160 -90
-160 -86
-168 -86
-148 -84
-132 -78
-140 -76
-116 -74
-72 -58
-92 -60
-116 -68
-116 -68
-160 -88
-132 -72
-160 -82
-144 -78
-156 -74
-156 -76
-136 -74
-124 -72
-128 -58
-140 -64
-152 -80
-168 -78
-168 -84
-160 -84
-164 -88
-152 -82
-180 -94
-180 -94
-164 -86
-176 -94
-148 -84
-156 -86
-164 -86
-184 -92
-184 -94
-180 -94
-180 -94
-164 -90
-164 -86
-156 -78
-156 -88
-160 -88
-152 -82
-168 -88
-172 -90
-148 -82
-152 -84
-188 -96
-184 -96
-172 -92
-160 -88
-168 -90
-176 -92
-184 -96
-184 -94
-160 -88
-168 -90
-148 -84
-136 -78
-156 -86
-160 -88
-164 -84
-156 -76
-144 -80
-148 -82
-164 -82
-152 -78
-124 -54
-140 -72
-144 -72
-152 -84
-128 -70
-148 -86
-168 -90
-156 -86
-160 -88
-152 -84
-160 -88
-144 -80
-140 -72
-144 -80
-144 -76
-136 -78
-152 -88
-140 -76
-132 -62
-120 -56
-112 -58
-116 -52
-128 -64
-132 -68
-132 -72
-144 -78
-144 -76
-136 -74
-160 -82
-152 -84
-152 -80
-128 -78
-144 -82
-136 -78
-144 -66
-132 -58
-136 -66
-140 -68
-144 -68
-136 -62
-136 -74
-144 -70
-136 -72
-148 -70
-140 -70
-140 -62
-120 -62
-144 -62
-132 -62
-116 -60
-152 -72
-148 -80
-164 -82
-140 -74
-140 -78
-140 -74
-140 -72
-148 -78
-124 -62
-136 -70
-152 -78
-120 -68
-160 -84
-188 -96
-160 -86
-156 -86
-184 -94
-160 -88
-172 -88
-168 -90
-164 -84
-148 -80
-148 -82
-124 -70
-140 -78
-120 -72
-136 -74
-108 -58
-136 -70
-156 -78
-136 -64
-136 -68
-120 -62
-116 -56
-140 -78
-152 -80
-160 -86
-172 -88
-140 -82
-148 -80
-132 -50
-132 -46
-116 -48
-136 -54
-148 -62
-140 -52
-144 -60
-132 -54
-140 -58
-124 -52
-72 -56
-136 -76
-164 -88
-160 -90
-156 -88
-156 -84
-164 -90
-160 -82
-140 -80
-164 -90
-168 -92
-164 -88
-184 -96
-172 -92
-168 -92
-164 -88
-144 -70
-132 -74
-160 -90
-144 -84
-184 -96
-172 -92
-172 -90
-164 -88
-152 -84
-180 -94
-176 -90
-176 -90
-172 -92
-192 -98
-192 -98
-160 -88
-184 -96
-176 -94
-172 -92
-176 -92
-164 -86
-136 -74
-140 -74
-132 -68
-140 -72
-156 -82
-148 -82
-136 -78
-140 -78
-136 -76
-136 -70
-140 -68
-108 -50
-104 -64
-136 -64
-140 -66
-132 -66
-144 -70
-152 -76
-148 -78
-140 -70
-152 -70
-144 -66
-152 -62
-124 -70
-132 -78
-132 -76
-180 -94
-156 -88
-176 -92
-172 -90
-172 -90
-140 -84
-172 -88
-152 -78
-116 -66
-144 -86
-140 -80
-128 -74
-152 -88
-172 -92
-192 -98
-176 -94
-192 -98
-176 -92
-148 -80
-132 -74
-140 -84
-156 -84
-164 -86
-180 -92
-160 -88
-128 -78
-152 -84
-120 -72
-152 -82
-176 -90
-180 -94
-200 -100
-184 -96
-176 -94
-160 -88
-152 -84
-136 -72
-116 -66
-144 -78
-144 -82
-144 -82
-160 -80
-176 -84
-160 -84
-164 -88
-180 -88
-180 -92
-184 -94
-164 -88
-160 -86
-144 -84
-120 -74
-128 -74
-108 -64
-116 -70
-160 -82
-172 -92
-164 -82
-144 -76
-148 -80
-144 -80
-100 -62
-124 -60
-108 -46
-132 -60
-128 -64
-124 -66
-128 -64
-132 -68
-136 -64
-132 -50
-116 -52
-116 -56
-112 -70
-136 -80
-156 -82
-168 -90
-168 -92
-144 -86
-152 -86
-140 -74
-152 -72
-160 -74
-156 -84
-144 -82
-132 -74
-140 -82
-152 -84
-152 -88
-172 -92
-180 -94
-160 -88
-144 -84
-160 -88
-176 -94
-152 -86
-160 -88
-160 -86
-188 -96
-184 -96
-184 -96
-168 -90
-172 -90
-164 -90
-152 -82
-136 -78
-144 -76
-156 -84
-136 -82
-124 -72
-112 -64
-116 -68
-140 -70
-128 -62
-152 -84
-148 -82
-124 -72
-140 -80
-148 -84
-144 -80
-148 -82
-148 -84
-140 -72
-120 -68
-104 -62
-116 -66
-112 -54
-104 -60
-116 -58
-124 -52
-104 -42
-136 -58
-144 -52
-128 -30
-140 -30
-92 -32
-92 -6
-116 14
-104 -4
-116 -32
-108 -32
-108 -44
-128 -70
-124 -64
-124 -66
-136 -64
-132 -74
-136 -72
-148 -68
-148 -80
-136 -78
-144 -80
-168 -90
-152 -84
-156 -86
-152 -78
-148 -78
-152 -82
-148 -84
-144 -84
-152 -86
-168 -92
-180 -94
-180 -94
-184 -96
-168 -92
-160 -88
-152 -86
-172 -92
-176 -92
-180 -94
-132 -76
-144 -80
-160 -86
-160 -90
-148 -84
-180 -94
-164 -88
-164 -88
-188 -96
-172 -92
-184 -96
-172 -86
-160 -88
-184 -96
-164 -90
-180 -94
-180 -94
-188 -96
-176 -94
-184 -96
-168 -90
-152 -86
-160 -84
-156 -76
-132 -62
-108 -54
-112 -72
-120 -70
-128 -72
-148 -84
-132 -76
-148 -80
-164 -90
-156 -84
-140 -74
-152 -82
-124 -58
-124 -60
-120 -70
-124 -68
-128 -70
-104 -66
-132 -72
-152 -84
-156 -82
-120 -66
-140 -74
-136 -74
-128 -66
-116 -60
-96 -50
-100 -52
-112 -62
-132 -80
-140 -74
-152 -80
-164 -82
-156 -84
-144 -74
-148 -70
-140 -76
-124 -66
-140 -68
-120 -68
-148 -82
-144 -78
-124 -66
-120 -72
-132 -78
-140 -80
-148 -84
-148 -84
-148 -84
-172 -92
-164 -90
-164 -90
-160 -88
-160 -88
-168 -92
-152 -86
-168 -88
-176 -94
-152 -84
-136 -80
-168 -92
-184 -96
-184 -96
-172 -90
-164 -86
-144 -80
-128 -74
-112 -68
-124 -58
-116 -50
-80 -36
-116 -64
-124 -72
-128 -68
-112 -62
-136 -78
-124 -76
-116 -66
-140 -76
-168 -90
-176 -90
-180 -92
-152 -88
-140 -74
-156 -86
-140 -82
-148 -84
-128 -76
-152 -84
-180 -94
-188 -96
-200 -100
-192 -98
-200 -100
-184 -96
-156 -88
-148 -80
-152 -86
-144 -78
-124 -72
-152 -84
-140 -82
-120 -66
-116 -62
-112 -54
-104 -38
-120 -56
-96 -56
-100 -66
-100 -62
-104 -66
-112 -58
-112 -58
-120 -50
-128 -66
-120 -62
-116 -62
-144 -72
-136 -60
-132 -62
-164 -78
-156 -76
-144 -80
-148 -76
-156 -82
-152 -82
-160 -78
-164 -84
-160 -86
-140 -84
-164 -88
-152 -80
-160 -80
-168 -82
-160 -84
-140 -78
-168 -92
-192 -98
-200 -100
-168 -92
-172 -92
-200 -100
-184 -96
-172 -90
-152 -70
-148 -70
-152 -82
-160 -88
-140 -80
-152 -80
-152 -84
-160 -84
-168 -90
-160 -88
-144 -82
-160 -84
-140 -82
-160 -90
-168 -92
-164 -84
-164 -84
-168 -90
-168 -90
-148 -80
-120 -64
-124 -68
-132 -76
-144 -76
-144 -70
-140 -60
-120 -56
-128 -58
-152 -58
-136 -58
-148 -50
-132 -26
-112 -16
-112 -18
-104 -24
-96 -24
-108 -30
-116 -34
-96 -42
-108 -60
-92 -46
-96 -50
-128 -50
-112 -48
-88 -32
-88 -40
-96 -50
-96 -52
-124 -66
-120 -44
-124 -58
-100 -44
-80 -32
-104 -46
-92 -54
-108 -50
-100 -50
-136 -62
-128 -66
-144 -74
-132 -72
-140 -78
-140 -76
-128 -76
-128 -72
-152 -84
-156 -88
-172 -92
-168 -88
-136 -82
-160 -90
-160 -88
-144 -80
-164 -84
-180 -94
-168 -90
-160 -90
-180 -94
-168 -92
-160 -88
-104 -62
-136 -70
-128 -66
-140 -78
-172 -92
-168 -92
-156 -84
-168 -92
-168 -90
-180 -94
-168 -88
-176 -94
-164 -88
-144 -80
-148 -76
-116 -58
-136 -66
-156 -70
-144 -70
-136 -78
-140 -80
-124 -64
-124 -60
-124 -58
-128 -72
-164 -88
-148 -84
-160 -86
-164 -88
-176 -94
-176 -94
-168 -92
-160 -88
-164 -90
-140 -76
-156 -86
-144 -62
-140 -56
-132 -62
-132 -82
-152 -88
-140 -84
-160 -82
-140 -72
-164 -88
-184 -96
-172 -90
-180 -92
-184 -96
-160 -88
-176 -94
-192 -98
-176 -94
-176 -92
-180 -94
-160 -90
-152 -82
-136 -76
-156 -88
-152 -86
-148 -78
-140 -80
-132 -76
-172 -90
-172 -90
-148 -80
-136 -74
-132 -68
-144 -80
-168 -88
-160 -84
-184 -96
-176 -94
-180 -94
-168 -92
-168 -92
-172 -92
-164 -88
-172 -90
-148 -80
-140 -78
-116 -70
-140 -76
-148 -84
-164 -88
-176 -94
-168 -90
-176 -94
-164 -90
-184 -96
-172 -92
-152 -86
-128 -76
-120 -70
-156 -84
-176 -92
-176 -94
-184 -96
-148 -72
-132 -72
-116 -70
-136 -78
-136 -78
-132 -78
-144 -78
-140 -82
-152 -84
-148 -84
-152 -84
-148 -80
-164 -88
-152 -84
-148 -86
-152 -84
-164 -86
-132 -78
-144 -84
-144 -82
-160 -90
-180 -94
-200 -100
-176 -94
-164 -88
-132 -78
-132 -66
-156 -84
-164 -86
-160 -84
-152 -86
-152 -84
-140 -78
-164 -90
-184 -96
-192 -98
-160 -90
-172 -88
-176 -94
-168 -90
-124 -76
-124 -76
-140 -80
-172 -90
-164 -86
-168 -86
-180 -92
-168 -92
-172 -92
-168 -92
-192 -98
-200 -100
-192 -98
-176 -94
-176 -94
-152 -84
-164 -90
-176 -94
-168 -92
-188 -96
-184 -96
-184 -96
-184 -96
-160 -84
-176 -88
-156 -78
-144 -74
-156 -84
-136 -74
-136 -68
-140 -74
-152 -78
-132 -76
-112 -66
-128 -74
-120 -64
-140 -78
-140 -76
-136 -72
-128 -74
-152 -80
        0.08 real         0.07 user         0.00 sys
